19.23907951	59.31349432
22.81113322	69.6612751
22.94758667	73.80580945
23.20579772	69.90491726
22.39609116	70.55035023
13.73418319	49.59918807
15.33556584	51.64001156
20.51739138	70.00289024
20.35707682	62.4088311
24.31902075	76.56910912
15.64826663	42.83483581
21.63562432	69.73099368
20.54995163	68.48476774
24.01966352	75.7349965
21.3283955	66.15396446
19.12024275	60.95535905
21.58668633	66.20967589
16.45574818	54.23750979
19.50330229	63.407277
18.62094554	62.13399116
25.95331797	82.25632499
20.34011086	65.18978001
21.58938606	70.09548999
24.91798216	78.70359132
17.71898982	61.66025252
19.03998701	65.24882875
23.14598748	75.34608904
18.4174313	66.48364066
20.69434929	65.27041559
16.58814323	52.30806101
18.95604729	57.14926104
19.22863501	63.06966993
23.44204084	72.19177479
20.54644538	60.70565204
21.62802825	74.24262013
16.50031864	53.559577
16.53186794	54.47376502
21.54097768	65.71770474
20.87135995	69.01885007
21.0753095	68.68009478
23.73058815	73.79887241
18.10988411	61.00715548
22.50669834	68.27713578
15.44763143	51.82647171
22.80667487	79.70912537
19.8133081	67.11974402
26.03524236	89.08638654
23.10706124	72.08000386
17.57347099	57.9332431
22.43542361	75.61296448
20.34726484	73.84743925
21.00594514	65.07495619
23.87808866	73.27697169
15.56328879	51.32738814
17.67335683	55.03464278
19.23311469	59.22246001
19.38624576	60.93447969
21.54426977	67.83625769
18.93014191	58.97368892
23.5929817	73.90020364
21.97621256	70.33022136
21.90213806	63.79411335
17.77871647	58.13057618
23.92901231	77.70357382
24.57017976	72.85605094
20.47976444	61.58815035
19.66046813	70.50002421
22.86425349	72.95040191
19.08036825	61.26740643
17.22036314	60.50636698
21.15913208	67.59173548
23.81738798	76.83527295
20.22466057	71.32580605
21.55944975	66.74772245
19.60118369	59.49423133
21.58697228	63.55258832
23.70489287	71.22263879
18.54655877	56.32629412
20.03486882	60.02623706
20.33716653	64.20617719
23.74412362	75.29821037
18.20703795	60.05815527
13.84442978	44.25720303
16.60323435	53.33220479
15.97617449	48.41317275
22.87899757	71.41457476
19.77240158	66.88767336
22.81676561	75.93290594
15.12907484	50.3868482
20.78989756	62.46743708
14.79861258	51.09444354
13.89859966	43.40284949
20.21501628	63.72299603
18.90075511	66.98246216
18.00135233	55.90181092
22.82364755	70.47566218
14.16852638	52.93665195
21.74110796	71.30254218
18.84589742	62.55334269
20.32216649	67.86943018
22.84638365	73.74776859
21.9143582	70.03332196
22.20116737	66.28988778
20.75130243	67.19287273
20.46079582	68.14153221
17.29687998	61.44849125
19.88717649	64.05120168
23.73331334	78.01446326
22.57833984	69.12526154
16.75182374	53.3361217
17.80998221	56.29992955
21.6177198	65.92514485
15.00218453	48.05723218
22.7846497	76.18673726
18.65329809	61.42265359
19.90278075	62.7363605
16.31231882	51.4299174
17.58558755	57.33301774
17.99322955	59.01519694
26.85148623	83.077313
21.52422173	64.20147706
15.3215567	52.25047457
22.98373986	68.99193459
25.18180705	79.19502374
21.22970826	64.92648932
18.57144523	66.05910238
19.8527186	60.68935452
18.12974567	56.18620329
21.48879207	71.48500509
18.39266689	60.45075054
16.44152645	56.17907974
20.76592919	67.38515264
19.99009058	62.86254849
20.29055256	62.59552678
15.65802217	53.61760815
23.2995819	75.71203862
22.22450623	68.04022383
21.0967355	62.03440986
20.52125676	66.73141398
18.11831815	62.35020648
20.63122284	64.87570119
23.28193369	72.3769829
16.1746307	46.92356654
18.16342977	57.43499229
21.07798794	69.43320027
14.58879504	42.42078479
21.44837489	71.74317045
17.09574148	60.29830833
22.60262979	75.61961038
19.87333828	64.06319294
23.79925756	72.03878134
16.32205125	53.26256911
22.11085048	73.63571533
23.07932292	75.82774532
20.69631687	66.61801364
24.72641151	77.41593596
23.06979885	68.74495654
21.56614524	73.39940905
9.055915028	28.76807927
20.3843398	69.10167322
14.36522655	49.49060639
22.66945679	73.64784718
24.42121744	77.1081235
14.02966628	51.14500168
16.90824596	57.53031916
19.15256566	63.71133869
22.05206512	72.2913461
23.72581111	72.57570702
18.5346359	52.8332497
16.59302909	53.42971349
26.58040931	80.48665881
14.01522076	44.97300804
12.53721997	41.81271621
19.20224814	62.12368341
20.03571206	62.08850784
20.3294754	63.83638467
20.11019358	62.67944141
20.37757543	63.43731754
23.83703618	80.47107438
19.09895868	68.69916462
18.37630411	62.62266699
19.86886781	65.99030619
18.49741369	60.02847922
21.7392012	67.83765906
17.49580768	56.28266726
18.20093712	56.19668106
26.41477858	85.04767912
13.53457948	43.32000473
25.79889645	83.21959629
22.16238854	70.72369734
21.9559126	63.79788712
22.53454275	70.33626262
22.69737347	72.9209481
13.34659199	42.61120986
21.26633747	65.00043115
19.05102586	65.03977824
23.15500532	73.20360275
18.64365294	59.83053889
15.75591361	48.29412609
14.39406416	50.63623652
20.69041306	65.10216499
19.17982045	61.54715906
18.2635838	66.87574992
15.55768053	51.19550235
21.84090051	61.93031191
15.21049759	53.17548828
17.92225191	53.29391785
14.15256865	44.11412334
21.79293976	70.70519666
17.0801587	51.8730682
17.45022964	58.83122816
18.98667333	63.7189943
22.03389384	69.7928254
24.10291271	73.83944545
16.66046114	47.6248281
20.45821541	66.58572298
25.71609403	84.84508155
19.06413515	68.09107646
15.06827811	50.60653066
22.48728048	74.89995408
22.60588581	72.72983497
17.66230939	62.45005008
15.19763504	47.70364562
23.92320199	80.711397
21.4160436	64.11092286
20.13510822	68.23599251
23.64192252	70.24046752
17.35142988	57.9605456
22.71656141	69.58015667
23.12932559	72.15820352
21.11848099	72.98662725
24.41433993	71.73364748
18.71801026	59.48501853
16.18504128	51.93019193
15.73463749	54.60741617
23.71519273	75.65013924
21.77144879	69.85753885
17.64161536	54.80695794
23.3789702	77.03209905
26.6622107	84.93242476
16.87452377	55.0297487
14.6559628	52.78529006
16.27347261	56.29859045
19.28284292	60.72336521
20.77944078	63.37723368
20.02791144	56.70982443
18.63262074	59.28817722
15.6634216	47.97994073
22.31749804	69.29999913
19.29132464	66.0869363
19.26692019	59.91364689
20.57859467	66.10263963
17.97700846	58.77188427
22.03462723	70.88962281
21.26302591	65.69018667
17.89770911	55.7932911
15.93876726	52.75896703
25.32142099	79.01986187
20.32591904	68.46535194
23.40026686	82.582455
13.99439381	42.7900764
21.88625378	67.76198845
21.46837124	67.6375536
23.7271067	78.22282919
20.63123021	67.49492522
16.98549926	57.57229939
15.61016526	49.19725864
17.04444134	61.80537705
16.80381112	53.59690401
23.99425835	81.50084909
14.26474076	45.31792321
18.93012944	58.92132043
20.75689344	62.60563297
19.79824777	63.1977909
20.82944995	63.31047294
25.80071731	81.15039395
22.78639468	69.87237094
17.61438865	62.25825643
18.32344805	54.2158576
22.02449559	72.55765585
23.24395532	73.78392331
16.83805964	57.99507317
19.94376067	65.35250928
24.19762838	79.98605368
22.5952958	72.52661627
24.21540424	76.15648393
21.56433867	69.31580729
20.90883949	64.05018812
18.69670383	63.14352823
20.44008641	63.73860965
15.95595239	50.50842154
16.82818908	51.02389999
22.84193518	74.37224203
21.46881288	72.04161034
17.68657996	53.40263778
19.20039796	60.73331819
20.08784514	67.22137295
16.85325596	53.69416928
20.87211848	67.80711238
22.21146403	73.05157951
24.48092556	73.41483029
22.00933615	68.66577301
25.13795061	78.07065964
24.4872909	78.81537338
20.28245124	60.17325801
26.04640538	78.79722175
25.0903717	73.13716381
17.77679189	58.9687068
21.2961722	65.2612724
21.95794739	68.65980408
21.97496592	67.27740642
20.57842996	68.40051782
18.22828342	62.55221207
19.81034694	61.00310132
20.44611453	61.01136743
22.33535655	76.25246656
19.93625298	68.16803368
22.22274107	70.45162718
21.08258609	67.90047282
17.09228086	58.29413551
22.6689243	72.03874411
18.33216896	57.08200213
19.52876503	62.66026763
19.61641124	61.2985422
21.02817415	67.5350029
21.36238025	73.97480523
20.98616852	64.63869493
19.96367781	62.04746839
19.16040048	58.05838129
15.71597911	46.67920257
23.98934529	79.36660046
18.3555993	59.90434263
20.66869258	71.99306948
21.44382428	62.47070599
26.20523249	79.37322072
22.34569281	73.58852536
14.17437278	46.51569368
25.42063299	78.5112134
20.95928157	66.68053068
17.82953537	57.5436149
22.72953574	73.19888556
16.32862176	45.60374635
20.70121117	67.63137926
19.11394102	59.48437759
20.52383676	62.20200886
20.41224191	67.47348031
14.81626176	45.65167182
19.37095782	58.8491913
20.00912489	64.0502194
22.52600119	66.56586971
17.56587979	58.8857157
19.3388826	62.16629092
23.7921723	72.07619805
19.43336651	61.93836417
17.29504293	57.16038309
18.2547115	59.03393484
20.28865515	67.11343346
21.5086401	65.69640093
18.00597263	55.53443771
22.40239482	71.16387203
20.55724056	63.47518783
20.17877043	62.22590295
17.52991495	59.72862668
22.89663426	71.02347255
16.76897825	54.15268244
24.62059062	79.60533383
25.53845205	81.50546951
17.72122709	54.37079406
23.22191867	74.32097477
22.98731262	72.39684565
17.66320152	58.8746518
20.22586353	65.62169439
21.94187866	62.30452549
20.30233824	69.40074619
17.51474547	54.40998276
20.20936107	60.41829489
17.39859151	58.82550873
17.26279183	55.54392346
14.59092766	48.77643214
19.68098058	59.20785439
18.29209212	59.86815136
18.29514832	57.92908051
20.65522128	66.17150306
19.16115479	60.97388261
25.40639166	81.45276086
22.60707544	73.69076436
21.76581888	70.26974468
18.97414625	58.09223486
21.32792958	62.20896974
21.8611423	67.40015623
27.14247904	85.61209367
20.57584386	69.69130332
21.24744183	69.15961482
22.96257478	75.83393006
17.80562877	55.95248715
30.12526515	92.97240627
21.69733395	73.32439166
16.93870634	55.02740236
19.317309	60.33079347
21.94307668	72.54149417
22.05547802	67.83671196
18.84059887	59.25903752
17.9596156	56.6838523
20.17222353	65.35925424
16.84208235	53.25873391
22.2904462	72.31381951
16.36707178	53.55454696
18.10745529	56.34228312
21.67238832	67.35449161
20.34817786	62.81731776
17.41602782	57.90461258
20.73690255	60.52244264
22.65745719	76.0462303
18.96690839	62.60672041
19.09353215	57.33143784
14.96682432	50.21773692
23.65574357	74.4187583
26.96806463	85.75532701
25.88181401	80.12126044
26.25412837	83.59477353
17.62771864	55.13043519
21.04129605	69.61440369
20.62722113	66.75721728
20.92960762	70.12752037
20.84105214	67.87346018
18.56137824	59.50780316
17.98921076	56.93384128
18.38074071	60.73468527
21.84024683	66.09262931
22.50541316	73.98818883
23.02709696	72.22512992
19.79215111	67.38063578
22.24775904	75.12095685
19.82280064	69.80521633
25.4041178	85.66820297
19.82551581	61.91533096
18.41863498	64.88526414
24.34520598	78.59293496
18.20930358	54.07145084
16.50850607	52.81990991
18.94135432	61.27097458
22.35373621	73.62390446
18.04384385	57.11527497
18.28512897	55.04016302
17.96748874	56.46116201
27.06764123	89.18128933
21.45404362	67.43583386
16.0750151	50.76512642
21.75017682	70.15292629
20.4242197	65.15500719
16.69357136	57.007708
23.15085262	72.44464953
26.32503804	81.94867703
21.22012463	67.97328914
18.97227088	57.82982754
22.37128981	66.81090217
17.34146134	53.86985534
17.85117146	57.44641956
19.95182199	61.21431495
20.74330005	64.59296105
25.62026894	80.35577908
21.11251267	71.33003027
18.3564931	58.21734059
20.54102309	64.64453057
19.77731169	66.09170065
16.40578473	53.16632499
20.19579807	65.17747186
21.68226036	63.00863775
18.51944111	60.65624696
24.10761273	78.4207168
24.47491687	75.19596392
23.42485726	69.27705099
18.48644849	61.84140073
24.03513801	71.53863364
13.23467146	46.59711939
22.21057995	71.49114629
14.50703233	46.7728576
16.87194702	58.23314275
18.77865929	59.54615813
17.75456386	61.0597214
22.01366251	67.7670351
19.43793424	65.52585901
18.2371825	57.61757481
17.17370067	56.43829129
24.17674579	76.74470957
21.84887687	68.24331339
23.03050219	75.06096842
19.52433059	62.27657239
23.0815829	70.44619816
19.41740325	60.83695747
26.23306025	84.8285516
20.06292123	60.87242242
18.26046506	58.61154135
18.56715758	61.49026491
24.1631554	77.85497153
20.20896996	60.874454
18.84736499	62.21482283
20.73154392	63.2359108
20.66560405	64.98569475
21.04813109	68.40567355
20.06704267	62.40251367
23.7470124	73.13082574
24.11983048	75.10120904
21.33520743	67.17355311
17.59897051	58.39961137
16.4557171	55.71327891
23.23526614	70.64105683
16.87929438	53.48021904
12.32745136	41.45520893
17.02843633	56.23557732
16.59592039	50.71804861
21.50655048	68.56014901
13.10108255	44.0703859
23.00786766	74.51058712
19.11982907	66.34849371
16.46870155	61.55422017
21.67512469	73.37176811
23.94958284	72.21996473
21.14500076	68.82684256
21.29511165	75.02492616
15.77265896	54.2166444
25.86041416	81.97117071
15.50566284	52.94731247
16.05538314	48.84488742
23.72275089	70.71906194
19.37770592	64.40153398
15.72292929	53.05069369
27.63781597	88.41359334
22.79836253	75.87730529
15.86966242	55.63727229
22.89924124	69.51126627
18.55951809	57.18023849
19.25542873	65.70803749
21.37728545	66.91026343
13.93194204	42.24087984
23.80322203	74.15896951
20.33812667	63.10337166
20.63837703	64.73964114
18.26568283	60.00583922
13.67859912	41.52359632
18.64871077	61.89461674
17.87693211	57.01245129
16.50717723	54.332071
20.88811474	68.40122172
20.70242772	62.96636852
22.90102011	74.36894084
18.95135223	61.4762644
24.20273202	74.92376463
19.03179879	59.8086889
20.57665708	64.04241583
17.76647644	59.43462251
18.71940324	56.30757858
14.80543442	48.45414117
18.04257272	54.88879596
19.50655922	58.93074997
24.56601227	82.08894175
16.64321103	48.88474109
25.36808797	80.36161597
21.20300716	66.50553631
25.70617788	79.67779169
21.99188704	71.33072037
22.12580328	71.59168542
23.27409638	72.51960849
14.95585962	54.31094517
22.08340949	70.8772195
20.89405759	66.08807839
18.42671608	62.20160139
19.72070369	66.28090063
23.18590688	76.17603432
19.59078571	64.13435555
22.53564085	70.07599598
21.20634894	75.72749747
19.28700879	60.82238684
23.81052652	74.95893715
19.97560953	65.95102706
23.08539885	74.99522507
22.10091972	73.42170924
22.01542203	68.51538753
23.07241441	72.81988662
19.24491813	65.22202333
19.26117361	65.425349
17.08127271	54.50422646
16.05432978	49.98997644
21.42177161	68.67919911
23.50018273	71.83824306
17.82304829	57.90071265
19.17854009	60.95460026
17.70007197	59.12180524
17.99826105	58.56590203
17.48050902	56.64762667
22.00862879	64.65080647
16.84304644	58.89831944
17.88367246	55.26686964
24.75124908	82.96743548
20.317899	66.85453201
20.74344503	68.80474705
17.46934962	55.64268425
22.54541675	74.40027531
20.66966876	73.95798238
18.53636494	57.07779246
20.54093835	61.0670196
25.2814709	81.55393694
20.4965004	64.17661448
20.24297742	65.1563594
21.14398839	64.12007328
16.18346324	55.21707897
23.31252264	76.07989389
19.27883602	60.26944369
22.69119042	72.26825246
16.88671962	56.08017094
20.66127293	69.94503535
22.91978227	69.20478267
24.08065153	74.34126307
16.85126725	49.62628937
23.76111397	74.71870614
19.2287428	58.44162761
22.60521678	69.56212443
22.42725093	68.82444888
21.34819354	69.38773246
19.80121383	64.66673491
17.44940011	61.29359464
21.45035503	70.0540656
17.069851	56.00630113
18.58142099	58.78101319
20.3331426	62.27506169
18.03083364	54.80632727
18.87631552	59.35775438
22.33210804	67.42299663
16.50938489	51.71345852
19.07916999	60.09914122
21.69606721	68.03298731
18.62565589	62.78090969
21.06832366	70.80444951
23.26983033	74.06785861
16.83901059	54.22550741
20.82651143	64.21311782
19.32592729	56.94968837
20.21621338	63.86975425
18.61948365	58.65245123
22.49042932	72.68619263
13.7116242	47.92477071
18.71785722	58.49457879
22.60658203	72.32857088
25.67975706	80.82357632
15.19990072	45.80906282
21.0075596	70.1981572
20.23399565	62.25641987
20.07155986	61.26162767
21.50948697	70.42379554
15.14673791	49.61613267
21.13948519	65.90704781
19.66592745	65.4163934
18.72756562	59.66749217
20.64074092	68.15403589
17.86271426	58.52859488
21.01712644	69.83244588
13.7824271	45.45304521
23.79933335	80.07636881
24.39566632	76.06170264
21.26665175	66.30641485
22.65148721	71.24235652
16.54625052	59.12743213
22.10597043	72.78759481
18.23216624	60.26515234
18.73711897	55.97410401
18.39773079	60.56749859
24.3304072	73.0913043
17.73482525	54.21885224
18.11916407	53.44576205
19.12813944	61.34779344
18.11625165	55.05247091
17.87872433	58.62086461
26.79581137	87.08346437
19.3288965	63.32610691
19.04291216	58.22630892
17.89074007	57.8998607
18.26160422	55.50162863
23.42087077	74.61706735
20.78562417	67.674826
17.81425886	54.7133401
20.36714715	60.53842435
17.56922955	59.27615595
21.39701386	66.3035109
21.89166439	68.73148451
21.25845388	66.05534295
19.82807286	65.73463927
24.11994644	70.75324756
24.13196448	74.02425052
21.00363438	66.96194677
22.89892997	73.89160631
23.94347632	80.45858998
15.62167581	51.11522271
19.10212605	58.5820994
18.70455648	61.29852936
15.02097204	44.35157238
13.81347189	46.75251487
21.55654031	69.38067068
19.00155148	62.24859194
15.21182153	47.01287878
19.57066152	64.09750622
22.1891657	70.53094351
22.74218936	73.42987778
18.2700853	58.82735259
21.24167279	70.94078947
17.63844085	57.32591914
26.99257096	82.89117039
27.28849253	82.02615545
12.7579378	38.77198125
14.56719691	43.42347345
22.68170186	69.31803755
23.31894309	74.58800509
17.63348937	56.68132914
22.94212386	78.80175524
16.25263053	51.26202642
16.26565866	49.7061333
16.33531013	56.14562647
20.09989419	66.60367819
23.86330295	75.16645052
23.81903099	75.3489571
17.43336932	57.74884978
16.43544017	58.39578699
17.54316499	53.57807596
22.6298814	72.76020926
20.94371818	68.65815443
17.50318144	61.47096911
19.38076335	57.91951576
22.15336721	67.44370588
21.59513559	65.45778826
20.12978964	61.11688374
17.73577356	56.26622074
21.11335291	63.80586615
17.20026592	54.89091754
16.30416546	49.95230311
23.61325627	76.77109525
16.75761942	59.23358766
15.21051488	46.80929548
21.25926264	68.42924035
23.06383144	68.70017049
18.86794075	61.68961012
22.4035209	69.35094821
21.3584936	67.19565507
25.52060929	78.7472875
19.20879339	59.01758652
20.787286	64.12384664
22.7369916	75.14851247
16.29040069	54.50530279
23.37965396	75.95033489
14.35412603	48.20436065
18.31735904	56.37867646
25.94256503	78.41490514
21.27395212	69.90557908
26.44164923	83.78290375
17.79870412	59.58753202
25.06921416	81.44041516
16.35279474	54.02500993
23.31918693	75.6284267
20.90727587	62.33261903
19.58144559	63.20142443
19.14833115	57.64275067
18.49240595	62.53678018
17.04413694	62.47916782
15.89287112	57.01050415
17.409185	54.32400528
21.48801782	70.6185831
27.50570395	87.32081915
21.35845059	68.18614452
20.72028994	62.95341396
20.68234649	64.34693435
23.85067949	74.24062317
23.45520638	77.31196352
17.95457648	61.59704763
15.16848994	51.08395636
24.82952905	72.60610427
21.35653872	66.82694661
19.09626274	56.57232676
21.03406879	67.67620732
17.95398872	60.08221733
15.11477108	47.5868577
23.28377658	77.00707119
23.98283531	77.06691994
20.84318486	62.29055912
19.74126989	69.84719488
21.5940061	71.10600145
17.24067806	59.98786462
15.93757194	53.84641238
15.81626389	47.97775589
22.29557234	67.8165494
27.31313321	79.74638833
17.56349995	55.04260442
18.4853998	53.32301319
22.03395393	71.40711834
18.52600347	61.4492163
22.82264741	72.6502856
17.5471874	54.00032363
17.87911647	60.96434422
16.77348685	54.40171285
21.29185243	69.92496668
21.44398592	70.94080149
19.30703653	63.86367207
20.84467222	67.80485799
19.63909521	62.1432685
27.14671381	84.83461072
20.31359476	71.80339032
17.14440507	51.224567
22.97432786	68.35299802
23.19361995	76.33659712
19.63355064	57.76435203
18.40619113	56.42874272
21.6038621	67.49673181
20.07102748	63.37332809
16.50014112	50.61106385
18.12678838	58.03607239
21.21277497	64.68479249
17.54765389	61.38236664
22.05407148	69.72914172
19.53170047	60.32849857
24.36263601	77.06669637
18.85156303	63.40440112
18.51961775	58.97506943
26.70657067	77.2854553
20.61896003	66.77861025
24.34851112	74.83728215
15.96590902	53.33192991
17.29801725	57.52559098
16.73773367	58.06673683
24.12431073	73.50854763
19.20534919	59.32627082
16.74180739	56.67406381
20.27099226	64.65134474
21.86982753	65.40631263
23.80925342	71.45279063
21.98109568	65.55614973
20.33198061	68.6709151
17.35500117	51.88845182
19.38947369	59.9170984
16.6244837	55.62114315
21.22621543	67.4074166
25.74106586	79.80892039
15.08688735	45.82878663
20.33286869	62.24165696
22.70335266	76.14270745
20.66103699	70.75400124
22.18910735	73.82335919
21.30856381	71.90738065
19.8973408	64.21791421
16.61753801	57.34313582
21.48381247	67.07077475
20.10481336	65.75283953
20.24478774	62.93604198
20.15865432	65.68151775
19.09644174	61.3797549
18.94306202	60.39464691
16.31146707	53.47627808
23.21824254	75.64252431
20.07554786	63.5559467
20.46606276	68.50823182
21.71590781	66.14883181
22.7568068	72.61712118
21.59984797	66.50358241
16.43675602	52.6681063
19.83742476	57.70346233
13.2496065	44.88404549
16.0887466	51.71321798
22.99014236	74.19792507
22.33931294	71.17395125
15.10447162	51.13453702
19.49915806	61.17946333
20.01819041	63.01274657
22.54231376	72.27551811
20.44878854	67.92708201
23.06165915	69.75830919
24.84572539	78.45196334
24.60186511	77.75082678
20.54452493	63.67723949
20.71626297	63.82750177
19.3154837	57.32947599
25.85750423	80.19148355
21.62904284	72.11339869
17.90430787	63.63550304
23.19062826	73.89426296
23.35766138	72.1291162
18.93571363	55.87212417
23.96750477	78.52871363
12.57372257	42.27891094
24.98391605	78.20351817
18.98020709	59.6704419
19.74565333	63.73890739
16.93972088	54.67134347
20.24683478	66.60428008
18.71434688	61.51706409
22.84337772	70.47588519
18.84645567	66.25840322
22.88712427	70.3173288
16.89652032	55.6347114
20.12150383	62.99363292
14.72631553	47.23710736
19.84038628	65.39466355
17.99943313	60.15323192
22.48351202	76.05800992
18.81573694	61.68446732
21.63589174	72.99204133
20.8196461	68.03439499
21.44587338	66.04290217
21.94357751	70.91616948
23.71913896	69.31886997
24.51775575	79.20703195
20.53287212	68.34474213
20.31019782	68.7720687
20.4346446	59.33032865
18.63293035	55.3184319
21.18007378	68.47715983
22.97953957	76.32068613
18.89462685	60.51061899
19.10706797	57.44208605
16.28448238	49.20497165
22.98476655	70.71973496
15.49866717	50.46531881
22.55351607	68.43381531
23.43309949	76.85662009
14.85516259	49.69025933
17.92791009	63.39992591
23.41835853	75.4932342
18.63393222	63.866275
20.78779098	64.23535911
25.1248291	83.35162427
15.93875611	47.12385855
12.7652043	48.24538932
23.48453129	80.65411302
19.39572346	56.23424134
19.88204316	65.61962957
20.51398724	65.22499678
20.65706167	69.54525908
27.08190034	82.56953967
18.96487708	60.49333196
15.62791829	56.1134803
16.96835079	51.73123074
21.31218885	61.67059893
20.67137462	67.7036942
17.71757075	60.81420884
20.96236696	68.88429565
23.34550594	76.99077074
23.79273556	76.62614408
22.38521212	69.2394226
21.26497215	68.70252972
18.29207035	56.0593928
24.13180231	78.95895846
19.04066714	55.51156285
19.5428696	58.194784
20.40062833	62.49618495
21.76178185	69.40977002
20.37081533	67.91967553
22.32897955	73.27481915
20.70246591	72.08365938
18.69125215	61.88312859
15.52294624	51.96650713
18.61465906	64.61562142
21.12656479	68.20454933
18.73222042	61.55366895
18.99181661	63.6082021
21.53363924	70.76620712
19.99633592	60.2668505
16.2763793	54.73157595
22.14560622	69.37046147
23.38487948	74.17765257
17.24842458	53.51123674
16.10961523	55.16371569
21.43928729	68.12184752
23.4270563	71.67093306
22.4817225	67.10354331
21.10537712	65.66606735
15.997993	43.66523212
19.42187088	60.85998563
22.78245024	69.85583159
19.02524598	62.60741376
24.0151385	73.85212448
17.65707201	55.06789891
16.51432915	50.32807543
21.96645395	70.46635052
20.94616499	71.05198587
20.71000891	64.70179982
26.6904984	83.15222734
20.29186081	60.61455886
18.48005513	54.87324186
20.12890966	64.12449912
18.30172729	56.27622735
17.45455589	58.57287849
19.3674768	61.55352921
21.39389996	68.95556755
18.1278339	59.74399401
17.94820733	65.51988849
18.97484867	66.17691311
21.8401626	67.9516286
19.57072245	60.86080654
16.29064942	55.01671197
21.50843964	68.1901411
20.64612886	65.89736895
23.04334098	75.61658791
22.88240433	72.20086326
17.60203653	61.50214996
21.05500504	66.29585126
19.44863211	64.15009476
21.68369992	70.60708573
23.24112621	79.39067418
25.84256154	85.12539591
15.63820618	56.76155137
15.45559646	42.31078506
17.28118106	58.13855617
16.74111129	52.45506881
21.62902715	65.04763523
17.5547192	58.2706249
15.19539778	49.0890706
20.07665134	56.94492168
24.52615166	69.57596977
18.74719868	59.55247583
21.12692618	65.86964304
22.50755141	80.09927678
17.86375439	52.2124316
17.35050234	59.09511365
26.89687782	87.0272465
19.62534795	59.98352442
21.38796728	69.10017025
19.39379091	53.40735105
20.01146513	66.34217584
19.58557461	61.53988124
22.01999381	70.67903313
26.84560715	77.54369518
25.01279906	79.20473829
24.98885376	82.26554016
19.6715117	63.72192135
16.10285054	49.94562645
20.6897293	62.72236883
21.76427166	65.85712893
18.38362436	57.61838799
22.23005946	65.67726193
22.69543956	73.18164346
20.84522858	65.50209667
17.36103723	58.55621108
21.51502611	65.67280123
23.2959914	74.83468669
21.33301087	74.09086914
15.84716594	57.89265634
21.8240837	70.41793846
18.65745812	58.15731009
17.95563066	59.21788133
18.59859167	54.28866857
25.94500572	84.08405476
10.58150374	31.53007729
24.00173354	73.378976
17.60793972	55.10788342
18.61362922	59.86772922
22.98728026	73.95582128
19.70172735	69.40296599
17.24737354	50.67106912
20.01398319	63.3993805
21.32707166	66.46780359
14.40791032	42.91911608
25.9174078	87.71304465
20.76073881	67.0189599
15.51729721	57.49636599
19.92067567	65.61304873
19.34414671	60.24154681
19.04434491	61.1079475
19.7900249	61.54739213
12.61293449	45.92640891
23.27319088	77.45025521
20.70613461	62.68541463
19.45617546	63.60232536
24.32495289	83.21714095
20.0623164	66.03517663
18.92804776	65.80141298
16.57633566	53.63564037
22.77008832	80.54330668
14.36804492	50.97600551
15.49314631	54.75733227
20.7658787	67.6627318
19.06623802	59.96011254
18.56690935	58.2344063
19.97998993	64.70929319
22.73740049	69.39478725
23.0316271	71.66205891
13.69659307	43.88369378
20.50533018	62.33543013
23.23230993	70.05090424
17.99425087	57.59557266
22.99834691	73.86375115
19.16867311	63.18291762
19.20248262	63.83884701
17.5141616	58.58084843
20.49550504	64.8445567
21.68759448	66.72713744
16.8452804	48.84644835
19.24604118	62.47065595
20.22208929	64.1573977
20.49616705	64.25814886
18.09419523	60.20071423
21.68121346	72.96773731
22.19796593	70.76252594
17.98700696	53.63925528
23.31696417	76.97689915
17.03952043	50.21498895
22.54289244	72.19336076
12.7768753	39.38684334
24.01479362	76.71737972
19.2987665	64.93244753
24.93540161	73.93232255
17.12575735	58.74501456
17.1450591	51.01975892
20.19387104	55.85758904
20.09911774	67.10197342
21.92543409	70.43603185
19.1648873	61.26590964
18.0793911	58.87027045
16.18197043	54.60937221
21.22112309	71.67745839
21.74950943	70.39379181
20.44339849	66.53939852
22.83396517	72.35620929
22.67051229	69.8418175
18.02693003	57.14495235
22.39077481	71.41381457
16.85701974	56.90495969
17.4036758	57.989771
23.64244171	72.73829871
18.33286518	63.79470154
15.88282488	53.0089981
19.46960616	61.26963449
23.44798011	79.16310192
17.99826037	56.34563616
15.09047066	54.79546568
18.30987478	63.24777532
21.10922646	62.4304225
18.74582737	61.85689329
22.38419949	72.52658893
20.1133214	62.2860612
17.91355012	60.26608461
18.23937756	56.86326049
17.60481464	53.71685583
15.12710715	49.93770708
18.19717164	63.31878611
21.33154135	68.57728488
21.99790539	70.57483859
17.31567476	60.12888029
25.05989765	80.27321815
19.72467794	65.07097609
19.55751195	63.26827979
21.7942463	69.72967302
18.91068657	54.22113331
19.8454421	62.29729891
19.25355172	59.75759022
22.52416568	76.65662508
20.09747451	65.26435417
24.51362832	82.99078049
22.02144113	67.9227632
21.4396196	67.40883092
18.11462485	55.94957464
22.0252038	69.04502906
19.63925895	71.15179661
21.46322276	68.17861324
18.41884693	57.26450266
15.50286709	48.86812442
20.60839527	61.61926826
15.66097721	50.33604759
18.94317123	60.64510801
22.78227288	71.81017832
20.81440556	68.97067122
15.94077932	52.52520881
15.99545024	50.61843258
19.94240707	61.65671748
19.12015289	60.78631047
20.51204922	63.77393526
21.33478706	75.1006248
23.28057095	73.29703093
24.22198406	71.58723695
18.99434539	56.13476601
22.8141727	68.11171657
20.82263299	68.65803851
17.63928724	61.49491255
21.69126085	70.28862799
24.98243603	80.57553752
21.38785865	68.34927149
21.60634277	68.80748286
20.19375519	61.22950358
21.85862109	69.90269628
22.05852937	70.32652373
20.34761654	67.88215725
21.57515088	69.1643798
21.57794093	71.42731138
19.24207078	62.96252183
25.04581195	76.15583703
22.86995823	75.60786356
17.70609054	49.15359535
17.96820769	59.23983993
16.43870253	49.45365753
22.86100008	75.14102948
17.82602584	57.25538641
15.98880125	57.10768496
19.6235562	62.07481756
18.8172936	58.16581085
22.24865408	73.67064234
23.39799102	75.95689892
19.20122818	59.28937012
21.82217596	70.51014991
26.33049977	78.9719781
23.72620585	75.15477757
22.33913803	74.41941447
20.89659747	68.4949306
20.81975042	68.42782764
20.11102782	62.65119503
22.3559109	70.51514077
18.54884136	58.27650426
22.83777273	70.98198408
19.9201834	64.48413535
14.63535211	44.49803603
21.51509735	71.32776424
31.83303525	101.0015653
17.39206878	52.91624946
17.70405857	54.82125338
13.29644029	46.97051322
23.68775097	73.18523034
19.98806013	62.9725319
25.88871697	85.24757928
17.57478687	58.95528001
17.24026737	54.17914342
17.56140185	54.70741969
17.52785054	60.20176062
15.13126193	46.33574822
23.67682687	75.44314726
18.75031649	59.10876835
16.35167007	56.65927199
22.69367988	70.49285442
22.24321068	76.29694063
23.02852946	74.95332539
21.85905429	71.74674979
18.34008433	59.31645788
13.94480552	49.60982574
21.67297395	67.49175944
23.1187197	75.70021155
17.47057292	59.0702422
17.90800087	58.44039346
16.98088517	57.94631667
19.87635393	63.20213901
23.04409665	75.89847139
19.10808475	59.5364848
18.87724088	59.38880803
16.69883149	52.21365087
22.90138147	75.56970946
18.24281394	53.39257942
22.81987438	74.3700902
26.56142888	78.55630462
25.15849213	78.14401963
19.45868366	59.0337897
24.90043747	73.34903745
21.75632244	70.36162392
21.1593483	66.85905104
16.95992944	49.5844146
26.23381588	86.68381032
24.71389539	78.83642531
22.84957915	72.41994215
19.59442987	63.52452831
19.19435985	58.64078518
19.87241062	59.91292378
19.80668177	61.77855302
20.05766881	65.63005057
21.05750683	70.49513713
26.11474841	82.13608138
16.15519469	53.70503477
22.53926779	77.28226164
22.41977085	74.91148268
17.15192076	53.69933939
14.91944408	46.02772794
25.57648216	83.89056392
21.39594261	67.85975527
15.54970885	48.44743657
28.45132951	87.36725394
19.09975598	59.03872731
15.84997097	49.84300971
21.02190905	68.12991337
14.42028618	48.98322852
17.44982824	58.8936293
21.63336151	70.92557992
20.56355448	65.17125904
22.48470634	72.30703471
21.70554423	69.95854979
17.60557343	60.81965513
20.79543094	62.113759
23.07852123	80.05136393
22.14512257	68.54366178
19.38397441	63.90284786
17.86273921	55.03901993
23.06753104	67.81920438
20.99303513	61.79908939
23.97042586	75.46157379
21.47562054	67.93117347
22.72687162	70.53017373
19.74713787	65.9108953
24.42142135	77.56209016
18.05555411	55.68259329
19.20606085	61.73360047
21.72273516	69.74626646
23.6878892	79.34365032
21.39419677	66.9721574
20.65200347	64.48406235
18.924336	62.15412463
18.09956135	60.30779072
18.84199667	61.21049434
17.52097061	52.67371653
16.27354508	53.32106122
18.71852333	60.99911267
11.0660851	30.67044736
18.43416066	62.88525929
23.77498944	75.6034022
23.21549805	73.06800529
20.21976942	64.19864946
16.35853624	49.40696013
19.65412961	61.73030437
14.97828647	43.07937894
15.99622259	47.49017526
17.60022249	56.57246958
21.54286553	68.48859554
17.26396455	48.99414845
17.53613808	51.25113819
23.28262575	68.32810992
14.36783984	48.12368401
12.19611492	43.46607208
22.04538062	71.37523795
22.29423666	70.57044607
17.55764831	54.54696087
20.6614334	65.53594101
22.55559286	65.78526927
16.47191439	52.55661659
21.26480145	62.08639204
20.69495926	69.90611547
23.87472542	77.58574089
18.4157494	54.02967431
14.09466691	44.97508138
16.89841299	56.94820919
16.8031671	55.70655899
17.1941222	58.28965852
18.2642633	60.02460577
21.08146573	72.9806843
20.93390731	69.16719217
25.00850381	77.30302515
17.21636631	55.70709153
20.21728714	69.88435212
17.5123991	53.27900219
25.09489361	77.61297535
22.9926324	77.52321509
17.14947562	45.48326925
20.71592464	65.7460304
21.83884363	73.5145998
20.23591869	59.16447774
19.86207432	57.07215289
15.71652552	53.08722055
21.86227945	68.0437966
18.25629522	59.35273261
23.48050573	72.63901673
22.48322298	71.27889191
21.24029509	69.14451279
21.37969495	70.69064859
20.21984028	65.34942241
17.72222995	57.50145851
14.72576939	49.55576132
17.09434258	50.75078166
22.38581899	69.53570044
22.78178385	73.34894444
21.65038289	63.05115354
21.7541975	67.15682141
17.8500678	59.39350778
22.73218697	73.94416284
16.37941019	56.44946363
19.15675908	59.94391802
20.95532723	68.99693087
20.06062822	61.3128041
16.45413515	56.35054261
22.0292047	65.84127069
18.26162373	58.43706458
23.64893241	75.06451066
20.26017678	57.86846676
18.41731126	63.17838575
17.82388444	58.52707689
24.55356569	72.59845097
24.94312325	73.90476729
22.91383881	72.53505765
19.89143515	63.67538418
21.54719465	66.60233061
17.00307655	56.35606653
20.36011937	67.84971281
20.20704486	62.99808499
22.72830694	67.29933836
20.02663686	61.35159735
19.43135154	60.40023971
15.92558459	49.61353061
15.67594279	48.97958489
21.08718114	63.47247851
16.58819462	48.17080149
14.11648916	41.66412698
19.13063607	61.28601505
18.27337575	58.15628295
21.7465681	63.4019328
20.22303617	62.33238354
17.87202846	58.74306623
23.98269154	75.93252198
20.56469551	67.14871436
13.68115297	42.51365653
23.65591911	73.25631605
17.93170844	57.55028359
12.53471296	43.8486541
18.16397788	57.41562605
15.50586572	48.59609641
22.38064649	73.46344345
21.58222659	71.73516856
22.12120642	66.95293092
24.16800216	73.98901081
20.78192721	61.28978697
22.58860737	66.65471224
23.39952228	68.8078809
21.36214343	65.44397413
19.87288211	60.35795991
19.21096796	62.72717795
18.51599725	62.4349366
22.6025712	69.71413401
19.9627432	57.25776326
20.44791288	67.39166333
21.27387046	67.55909559
21.98208123	63.22134784
19.99393952	61.20897174
18.76550673	57.22044437
19.53508092	58.7249385
22.08795422	69.52654641
23.0711945	73.27750883
17.80350153	55.05312842
21.63031262	63.76528244
23.53674112	73.72388768
22.02125328	68.82838777
21.96893055	68.49345595
21.52771867	64.15181163
22.78529899	70.38834758
20.13132191	64.22013968
18.65159859	60.1877953
20.38785437	63.55137251
21.32407299	69.67411315
20.66120111	65.60890259
20.49343951	62.77310752
17.58741786	54.46554742
18.9052577	66.08907222
20.41682172	64.05856265
20.99622508	68.79433935
23.90565492	76.21303143
21.10603784	66.15746631
21.44043521	68.39766091
20.33511872	66.7674902
20.62573897	59.9663603
16.76759266	54.09571423
19.77879444	64.30869412
19.31027398	64.29619984
17.35164096	57.61052521
19.25369284	63.03944783
22.72174509	73.71119144
20.99954686	66.17060186
18.67034622	60.97915176
27.64100642	95.62741888
25.327258	76.04806802
21.62531239	69.69992368
17.5147052	59.99266943
24.90922774	81.30088892
20.79340863	68.9470824
21.36724138	73.18593279
22.9423429	72.76866532
17.37240149	53.11858591
23.42702933	77.13166479
23.92328443	77.60539162
15.85968583	52.05790765
17.26272636	57.60244588
23.41538963	75.19559567
22.39875371	66.41777808
26.88395313	85.04152614
22.77445252	71.94852012
26.87981525	88.84429867
15.53742921	47.4228929
19.49838787	63.19264022
24.11401874	79.66853703
21.23206229	65.53240331
20.03636968	67.26929173
15.75840189	54.36229859
23.90846476	78.80477848
11.94166427	37.80041888
17.89191887	57.91132824
16.80192267	53.43645191
21.63210721	69.60391161
19.58050846	56.81446228
18.36853706	61.82972082
24.28417394	78.56241988
16.19385138	51.92647591
22.62050596	74.18852322
22.11244788	69.37569953
19.16797318	62.14821428
18.01641685	66.25399769
16.49753881	52.11903148
12.05155061	41.33936923
23.13459076	69.95363958
18.88597469	60.45182461
20.00045878	67.44313134
19.15692586	61.1355712
20.18844208	63.12381061
17.13522696	57.38415752
22.5212036	72.44823592
20.78304811	68.26152567
23.01015844	73.67837192
15.75561781	51.9441163
14.16788857	50.61383023
21.85543556	66.53374484
21.24357566	66.55781354
18.15619574	52.22399029
13.34425844	43.4879179
18.23649768	60.52654674
19.30028023	60.66030202
22.25916381	67.98460274
16.86792379	55.88005616
20.19980788	67.08322138
14.76876372	49.15350364
26.31929139	78.91199343
17.84034966	54.66376858
21.07748359	62.40290381
20.98590038	63.65243322
18.33745581	63.41911018
20.25652635	64.1641073
18.25504362	58.72700804
21.95591206	68.09539362
18.12801816	60.88052473
21.58876908	72.19061296
19.7369175	58.07410291
24.05716642	80.77058694
17.94865937	56.31434409
21.63104795	65.52361007
22.42678523	74.2266645
17.23372401	58.51667552
20.3847229	62.54936771
16.46911396	54.73384245
20.48226711	67.10201889
20.25559761	60.17786902
21.90529201	65.15711448
24.60529274	80.63318772
18.84667791	59.85695422
16.82856232	54.45707149
21.43536664	68.18438426
23.38873291	77.81143757
22.03357771	71.84351236
20.16084791	58.64568014
22.13938727	75.20162041
21.48447262	70.97004827
17.91719791	58.58113152
24.93654367	76.58865903
22.69594591	75.22785076
20.29575782	64.70022172
22.09568924	70.56388548
19.26459329	61.56337846
20.84765968	67.47334246
19.04317537	57.29587608
23.37301686	77.39352447
22.73696863	74.72390857
22.2714795	66.81168852
16.59608019	56.57853023
16.72722903	52.47640752
21.6207046	70.23821615
21.2840716	63.2625486
17.0424238	56.14391885
20.30256015	60.27781441
17.78705284	52.30655662
16.60207786	52.73240374
22.99911373	77.09390632
22.25630243	72.33071827
22.16268949	69.39851066
22.46032074	67.22397397
14.71591166	43.98577117
16.35323486	54.19643426
20.68700515	66.98781907
20.01886481	61.34128618
19.12349203	64.36269158
23.67259011	73.47339293
24.6932049	77.66138564
20.85365608	65.22510136
20.894604	68.45659376
17.68479928	58.34878899
18.80658115	61.7896018
20.93619116	72.47217969
21.53213379	68.18735546
17.63219074	55.03716754
22.54205456	70.8850766
23.22018274	70.33514637
18.88562278	62.58504982
17.26452354	57.59495781
21.8061433	70.12853137
20.98607445	60.95152531
19.92940898	63.43475372
21.22788511	69.10559432
18.8411162	60.01082561
18.74444056	60.67395184
20.06247462	69.4828274
21.43807974	66.04077846
19.24349535	58.62194561
20.2220549	63.72138004
24.98205776	77.24326095
22.9070275	71.11104379
22.03553058	70.28617411
21.12548117	67.16581291
16.85981637	56.96433552
23.07806672	72.46589668
23.26006853	73.98432189
20.10738011	63.99646998
16.84840858	56.07846213
16.4071747	52.35598217
21.53977528	66.45808667
18.54799344	61.06610791
20.20741219	65.75199517
22.94787014	77.48681973
23.07501976	74.94747139
24.64985074	80.4956814
18.02435763	56.46843553
19.56274827	65.90367213
20.11663631	62.10889133
14.40589886	51.83343747
24.57103305	80.30106749
23.05684749	72.88812677
21.09052716	64.16712231
22.25116248	65.53694646
19.75591247	64.93848488
22.23842178	75.84438844
21.73939322	68.49838153
18.89690376	61.59007121
23.04900611	73.515549
17.58226138	57.49968123
20.89138441	70.86329975
18.27045234	59.8003483
15.5392821	50.67177608
20.71406691	71.05650442
17.07998165	48.89236504
22.16893067	65.57778042
24.13225155	72.61495048
17.75749135	55.00927855
18.80261274	57.15807411
23.67494472	80.7364066
16.72206204	54.39593722
22.02304864	73.29476246
20.33786786	65.73901958
17.03183515	57.10537188
17.71432805	54.13473228
16.96347252	57.21857854
19.32032168	63.43690505
23.99630593	72.88204292
21.03428784	72.31973337
21.30270909	65.12581084
20.38969587	66.39030983
18.95478935	53.99006633
19.86021087	58.81731172
14.9390375	48.73568935
17.9604791	62.55030102
13.45225204	44.78848761
13.25199325	42.68211659
25.15335237	84.36677021
16.86291613	49.47091197
21.51176579	67.47357935
20.07071023	64.75523005
19.87870406	66.20791661
22.91610446	73.48602232
15.82746577	55.66866432
19.431347	62.42100231
19.05780078	64.10839072
22.5114582	74.71732979
21.4395568	67.14025204
20.70986511	70.17915714
24.82234959	82.16303039
19.92172376	66.04935004
21.01147816	66.39928786
18.89514198	55.18187101
14.93552257	50.3035104
24.81132059	78.29001358
18.40837639	58.15731535
19.92058467	60.30611212
19.14011682	57.68976563
23.14823721	78.73650156
19.00070978	61.21491554
21.53459565	67.06588926
16.89663422	53.20088092
16.29963932	51.75279792
18.15882848	53.84231103
22.09917901	71.39177413
22.17135665	68.92812157
19.64406654	66.32395073
17.97742102	55.75197873
20.67801983	72.42033207
20.29097699	64.22615768
21.70316316	68.93765055
20.19049926	66.44949894
18.74826628	60.94715313
19.82186406	65.52096258
13.41224886	45.22822816
25.70835006	78.12567781
24.60983589	78.03571968
16.87521489	56.19903903
18.33057285	60.98401365
19.75717943	64.3366509
19.2826331	60.57232707
27.03720899	86.7033943
19.36465866	66.94559636
23.20852044	72.11691913
15.03464752	48.3013562
18.41197305	58.18521359
20.18191776	64.65248494
24.29018214	79.30393335
22.88441541	73.95096021
19.89077442	66.54815781
15.27056657	54.88108585
22.54362536	74.88885696
18.52361895	63.6720392
21.19586745	70.1771314
18.71405923	58.25449034
20.4900182	65.15087156
20.15837321	66.40528127
23.83270805	76.16050679
23.02224258	71.97547678
21.9213138	68.53384139
18.5281033	60.97997707
15.0364686	47.51336394
21.17330191	64.0941082
18.48109584	67.73193002
22.92104403	69.69809331
25.89234425	82.27816591
28.52418234	85.22267934
16.54232321	57.0349215
16.10764588	48.92967921
21.65625635	67.31839127
21.930601	66.88046017
14.40342645	47.62378997
19.43922615	63.87414464
21.64363297	69.51287675
21.7370868	76.57395337
21.65941536	69.8517247
24.3561538	73.52781194
19.28171896	60.80128006
18.32892462	62.94484524
20.48243205	69.62246388
16.01842497	54.96541911
16.64519626	56.21354029
18.40647942	57.37002741
26.10244783	82.91732371
24.86336262	78.28215329
19.87608576	67.20209127
21.85065559	70.28716953
17.07521765	57.83127927
23.68270298	74.23362134
21.5505	70.27807319
17.8519426	58.98926484
14.57261078	48.79833798
15.97068051	51.25790799
24.87520198	72.29491292
20.39369387	70.66283097
25.61244229	74.58608012
22.67512972	72.01441748
16.80953824	57.61853727
11.69678039	38.36181332
24.9814793	81.96507705
20.1066751	61.54847277
18.16650787	58.86861473
11.87579642	40.92816915
20.48095649	64.64120496
25.54976912	85.63739882
18.12195167	59.14946385
22.03576401	67.76696655
19.34407961	58.23858127
23.35648412	64.84214445
16.01862523	44.21668643
21.17418409	63.01968769
19.42793342	64.8950004
15.40281254	44.4891184
19.63390304	60.85442118
14.52208794	45.00642668
15.61903632	50.59436694
17.78671472	55.38964144
21.15836553	67.35216524
24.44630343	79.48002253
20.56993151	71.53880315
20.18405256	67.17024105
19.95781615	59.80817139
19.68129361	61.97771494
19.69835696	67.39812259
26.48799039	80.42527082
23.95147019	73.39700215
20.32016352	62.86985769
18.81046287	60.45705309
20.80161887	60.72993734
15.94599363	54.77260817
18.73306673	65.66710789
17.96265061	54.38049541
12.45271401	38.05511559
21.15854211	62.2805923
21.28607458	69.23255151
23.6019773	78.0156867
19.87873075	59.91360257
22.18764087	74.80387718
19.63398421	64.14455499
20.85970025	63.61100178
19.99751874	64.51277599
14.87066376	41.74000095
15.88869367	53.05615754
14.33714382	54.03835764
19.76190517	68.62414484
19.20665361	63.85546112
19.86038464	58.48614454
16.60148467	53.62280694
22.56836603	65.09947053
19.16965264	64.17659103
23.35426773	74.92640996
21.59024287	65.16139764
15.59478102	52.25376473
23.25826053	71.20168833
16.93071563	56.66199203
21.20787518	68.81621127
16.08206696	53.053427
20.1248205	69.39274946
17.25928642	57.61700164
17.28305226	57.9167848
19.63201583	64.3912501
17.65942085	59.64384898
15.69497348	55.59185966
20.86546412	66.63718654
20.43545389	65.79883597
16.50056172	48.97889125
21.08727077	66.05154901
19.94843815	59.10789404
21.7378222	74.43088874
19.17146272	62.4632151
18.46244483	62.49691163
18.5949193	59.92500612
19.82329512	65.98725034
26.1582054	80.8949543
17.64485285	53.97094602
20.201974	59.8257238
19.92154206	57.02139633
23.07299323	73.84145381
18.65482797	64.1082711
20.34210747	61.45674693
18.79415107	54.60332934
22.17662753	68.82475319
17.01792616	55.37634854
16.67687815	49.12428054
14.69302866	43.67775732
20.37696803	67.07596032
21.18813647	68.50972213
20.41784422	65.25896906
14.38383289	48.37156549
21.55130981	66.0749042
13.50277393	41.81446237
16.7750336	54.01919737
15.26775921	54.54971721
17.21686518	55.55923677
22.77787665	69.22205884
16.68285559	54.64724657
25.01457869	85.42081717
20.01933601	63.80167813
20.43483607	66.5281588
22.06399918	71.24871697
19.72550581	65.96663032
17.34442243	56.98672693
21.94293568	68.07127234
18.12284993	58.75885793
20.46370789	64.82914539
17.85484189	60.32724962
18.31023025	56.72422729
22.52131351	75.24053961
14.8598545	44.15671957
20.56935461	63.9734027
15.78535361	45.3711382
18.32410391	63.2880608
18.36744972	57.39248963
16.98171559	50.92560031
22.3998537	70.92884117
15.98718925	48.73098919
25.52187805	74.54715367
25.14366097	79.47740443
18.14549723	59.16843699
19.95376214	66.31596243
19.90568562	61.34691754
18.21364306	60.1589292
20.32524478	67.65382233
21.76389111	66.88231284
18.82304827	62.60687051
22.0540547	66.73861202
16.96129369	58.14846193
20.22134681	62.50247123
22.98028065	70.03001847
17.43120407	54.1084414
21.99742643	71.1542758
23.41554022	72.64002879
17.4284473	54.12327298
20.08855013	64.43629611
11.52856558	38.28337341
24.12662925	69.63310096
17.12605197	51.97597595
13.77181677	38.79139691
25.13016228	77.09557355
23.78627969	77.87156371
19.40674944	64.84676908
20.32237351	68.04811555
15.2423604	49.14870993
18.51118034	64.23671308
22.29601358	68.92939533
24.63020883	80.49950175
19.48034615	54.41868629
20.32091685	60.93143541
19.3070836	65.696074
24.20112037	77.42847319
20.03497734	66.70315451
16.79312101	56.07133024
20.94655911	63.61997299
16.48264261	48.20967394
14.55986335	47.90429229
25.21659044	84.46770943
21.68251727	69.98545677
18.9362439	57.69435633
22.82796985	71.74069511
16.18807373	56.00200703
23.53920254	74.73757556
21.83159536	71.49868911
20.53795855	62.87263243
19.36679228	66.34838385
25.72515978	77.21168376
25.44203163	82.87197027
25.89090422	83.61547066
19.87203668	64.76609701
19.35572952	61.70553182
18.09829102	59.95164871
19.86246816	63.4932123
23.11020424	72.95875254
17.475673	59.77405775
16.9357685	55.97382491
18.56356074	61.73097717
20.57113361	67.51255313
22.19903487	66.59359492
19.37159545	67.46535956
23.60723506	74.67252504
22.00554454	67.36421952
24.17245283	80.39013963
17.50751031	50.87507544
13.75932292	42.66445709
20.64508289	67.15901541
16.75954323	58.7709463
15.90197942	49.97014213
19.27602733	62.82178449
25.71406749	82.18149818
17.48808306	55.14389565
15.71218622	47.02380942
17.27945811	56.92817028
20.22472232	65.40383782
18.66878073	57.23846737
19.22412724	57.19932063
21.83512858	69.42630536
18.94820624	62.17495658
23.21747349	72.31344771
22.5539311	70.30769989
20.26854636	73.40257473
17.72706726	57.09122404
19.52556512	62.31516925
16.33608337	53.12136102
23.4289469	71.71537753
16.0252252	50.17097538
23.04310358	72.33717452
19.68369884	63.31000843
19.54943881	62.09764658
15.81183105	53.78752272
22.34280432	68.80326245
22.47838097	74.47252536
19.71890391	60.26409232
19.56376701	62.85650695
22.57675478	75.41114984
21.29453738	65.00174622
24.18799794	77.06702805
19.55091737	60.55284974
21.69668917	72.07788369
22.96182038	74.13276647
16.18752398	49.96704546
18.83927985	63.31710219
23.48129707	77.27008602
18.83708271	61.04984739
21.39338987	71.1798037
26.28187869	85.52575664
20.43973262	68.3162931
18.35048669	60.79773193
17.30024434	50.86258202
16.71241373	57.94338022
25.29884439	84.24986339
16.03667764	54.47431197
17.66309949	56.39514717
20.53617858	66.93543915
19.80779376	59.11457011
22.65800005	71.59356655
19.70867623	60.30358529
28.11529328	90.31076283
25.48894631	81.49589234
18.27851814	52.8021925
