0.01	27.616396
0.02	27.42676261
0.03	28.35635869
0.04	25.79486435
0.05	26.34411328
0.06	26.06676918
0.07	26.88121277
0.08	28.80343582
0.09	25.210434
0.1	24.96316956
0.11	24.11100921
0.12	25.38795049
0.13	24.72430142
0.14	28.32111221
0.15	25.63420341
0.16	26.54789384
0.17	27.88611407
0.18	26.61780071
0.19	26.17920554
0.2	24.61281319
0.21	23.21718353
0.22	25.71851141
0.23	24.7941079
0.24	22.84798856
0.25	25.53665448
0.26	23.46195632
0.27	22.52706055
0.28	27.1173008
0.29	22.86483737
0.3	23.637808
0.31	26.31476233
0.32	23.30082054
0.33	24.58827161
0.34	24.34549861
0.35	24.23949543
0.36	22.3555736
0.37	23.95036755
0.38	25.92345563
0.39	22.85565388
0.4	21.8854465
0.41	22.14685796
0.42	23.59018562
0.43	23.10749591
0.44	22.6377362
0.45	24.79510269
0.46	23.08353812
0.47	20.56493478
0.48	24.43378242
0.49	24.64429681
0.5	22.04953245
0.51	20.86386486
0.52	20.71500416
0.53	20.60398827
0.54	23.23644809
0.55	20.3973514
0.56	24.28833234
0.57	24.28510341
0.58	22.42536961
0.59	22.9313758
0.6	24.10416233
0.61	22.85098614
0.62	23.4461422
0.63	21.10567513
0.64	23.89345688
0.65	21.02254234
0.66	19.97890062
0.67	22.23131298
0.68	22.92323102
0.69	22.19512579
0.7	22.54632846
0.71	20.97947414
0.72	20.16769471
0.73	18.63161472
0.74	20.8969194
0.75	21.23205272
0.76	21.70508717
0.77	17.91694413
0.78	21.66435713
0.79	21.40195536
0.8	22.2363476
0.81	18.678012
0.82	20.2857884
0.83	20.19885368
0.84	19.23119529
0.85	18.00233142
0.86	20.75675085
0.87	19.06064504
0.88	19.80092904
0.89	20.6208134
0.9	17.83016613
0.91	18.11995629
0.92	18.98005368
0.93	20.90778657
0.94	19.6082375
0.95	20.5733035
0.96	18.92483192
0.97	17.8404149
0.98	17.10301086
0.99	20.90369519
1	17.68923296
1.01	20.01988091
1.02	20.79362922
1.03	17.26488252
1.04	16.93938574
1.05	17.27609747
1.06	17.16167187
1.07	16.5292172
1.08	18.05338755
1.09	18.1558521
1.1	16.14582699
1.11	18.77688884
1.12	18.89948399
1.13	19.27820175
1.14	19.07782873
1.15	18.86763043
1.16	17.54447699
1.17	19.45476759
1.18	17.02843453
1.19	14.97721382
1.2	15.99764751
1.21	15.34288392
1.22	16.31578742
1.23	17.54631308
1.24	18.37781223
1.25	14.18609585
1.26	16.33488325
1.27	17.33277721
1.28	17.27335808
1.29	17.38544789
1.3	15.82930556
1.31	16.79388959
1.32	14.68211468
1.33	16.18816113
1.34	16.77663131
1.35	16.0516992
1.36	14.96737945
1.37	15.77755955
1.38	16.45524002
1.39	13.85606252
1.4	14.68124448
1.41	17.71832636
1.42	14.87153233
1.43	17.73248381
1.44	17.47148725
1.45	13.73588116
1.46	12.96376064
1.47	16.22084427
1.48	14.4877471
1.49	13.69824713
1.5	16.97995924
1.51	15.23792382
1.52	16.40553941
1.53	12.14491632
1.54	13.7744491
1.55	16.8787662
1.56	12.22852842
1.57	14.93873573
1.58	14.70737919
1.59	13.05430618
1.6	13.23005605
1.61	16.01497763
1.62	15.72628578
1.63	15.07599702
1.64	15.88232849
1.65	12.63736325
1.66	15.24579277
1.67	15.30414336
1.68	12.35344339
1.69	12.19794982
1.7	15.09055601
1.71	13.48763789
1.72	11.27457462
1.73	11.15682617
1.74	12.03853476
1.75	14.48694999
1.76	10.81492768
1.77	14.66388411
1.78	15.12777994
1.79	11.49248622
1.8	13.19731274
1.81	12.53625794
1.82	12.86012839
1.83	11.512803
1.84	11.36117697
1.85	12.31219864
1.86	12.44852063
1.87	14.61632506
1.88	14.57790781
1.89	12.65092034
1.9	13.91670829
1.91	10.5155303
1.92	14.3129569
1.93	11.36163328
1.94	9.517236782
1.95	11.20301493
1.96	13.8095825
1.97	10.61544235
1.98	13.14737918
1.99	11.44123109
2	12.44103962
2.01	13.28213746
2.02	8.987699016
2.03	12.35863015
2.04	9.764208787
2.05	10.00731009
2.06	10.759425
2.07	11.26649286
2.08	12.2874613
2.09	8.572844421
2.1	10.61527086
2.11	12.84424679
2.12	8.644813391
2.13	11.59766122
2.14	9.504457298
2.15	12.27260922
2.16	8.531295619
2.17	11.21886145
2.18	11.27231416
2.19	12.42305764
2.2	10.14115949
2.21	10.79328811
2.22	11.00277392
2.23	11.63198462
2.24	11.51154438
2.25	11.76954226
2.26	11.2971825
2.27	11.03422937
2.28	12.05513787
2.29	9.192294045
2.3	12.05421859
2.31	10.19048566
2.32	11.78430479
2.33	11.4401411
2.34	10.69763068
2.35	8.104867034
2.36	10.71726186
2.37	10.64782368
2.38	11.74429824
2.39	10.15330284
2.4	11.66533969
2.41	8.565179439
2.42	10.2135323
2.43	6.750956024
2.44	8.802652597
2.45	7.946450867
2.46	6.488827401
2.47	6.540920813
2.48	9.289025156
2.49	9.93082104
2.5	7.498453061
2.51	7.487534639
2.52	8.209192026
2.53	9.791044378
2.54	10.49724424
2.55	7.282405606
2.56	7.898301361
2.57	10.49831232
2.58	8.673893136
2.59	7.777846666
2.6	7.323334911
2.61	7.239310807
2.62	9.481979
2.63	9.156637405
2.64	6.850432956
2.65	6.641366214
2.66	7.997701225
2.67	6.628693893
2.68	10.26187722
2.69	8.525954315
2.7	7.613477395
2.71	6.673800665
2.72	7.699491071
2.73	7.052496594
2.74	9.894551754
2.75	5.540294429
2.76	5.112033977
2.77	5.423908705
2.78	5.143263845
2.79	6.867075204
2.8	7.322503581
2.81	8.592182923
2.82	4.936824843
2.83	7.071351221
2.84	8.148112672
2.85	9.296215157
2.86	8.611394
2.87	7.434711848
2.88	7.49874833
2.89	6.61190465
2.9	8.692728347
2.91	7.892471104
2.92	6.032852005
2.93	5.510991937
2.94	7.724913433
2.95	6.081616278
2.96	5.30769426
2.97	7.079252089
2.98	6.212583725
2.99	7.934769776
3	4.717149088
3.01	6.202605481
3.02	4.20205487
3.03	7.509941778
3.04	6.524281013
3.05	7.679282796
3.06	6.368659535
3.07	5.365325372
3.08	7.262132748
3.09	3.705195998
3.1	4.942003983
3.11	3.656821564
3.12	4.059251765
3.13	3.627669549
3.14	5.721900182
3.15	4.1602157
3.16	6.835359421
3.17	5.506064765
3.18	6.629361464
3.19	6.278699242
3.2	7.258365545
3.21	7.036976562
3.22	7.320645042
3.23	5.005196501
3.24	3.544720882
3.25	4.57207596
3.26	5.409055643
3.27	6.610545285
3.28	5.671615972
3.29	3.841367889
3.3	3.682524269
3.31	4.798455495
3.32	7.606809253
3.33	6.795290934
3.34	4.334972857
3.35	7.491453295
3.36	5.866616671
3.37	4.319498418
3.38	4.222834461
3.39	7.330901032
3.4	3.282665507
3.41	5.778079608
3.42	4.703968451
3.43	5.291618188
3.44	5.882667094
3.45	6.910632594
3.46	3.282828541
3.47	5.647391951
3.48	6.059423371
3.49	6.119292981
3.5	7.247574951
3.51	3.547657857
3.52	6.014744071
3.53	6.486130975
3.54	2.874603974
3.55	4.887728341
3.56	3.157028287
3.57	4.315303955
3.58	5.716222736
3.59	4.523516261
3.6	5.660249281
3.61	2.958682944
3.62	3.118065364
3.63	3.606885489
3.64	6.082351052
3.65	2.170711864
3.66	5.699301094
3.67	4.384011545
3.68	4.515090918
3.69	2.939404317
3.7	3.22655308
3.71	5.680844549
3.72	3.599387445
3.73	1.679467231
3.74	5.720407882
3.75	5.745781522
3.76	3.133317155
3.77	5.908369515
3.78	4.944830362
3.79	4.608540576
3.8	1.944656991
3.81	5.173529618
3.82	5.036796056
3.83	6.314069226
3.84	5.022461237
3.85	3.313110827
3.86	1.804223198
3.87	4.665619006
3.88	5.005373201
3.89	5.721080945
3.9	2.98637156
3.91	1.3061838
3.92	1.632224087
3.93	3.022500737
3.94	1.575917405
3.95	3.272104096
3.96	1.929418498
3.97	2.282515189
3.98	4.923142392
3.99	3.278544899
4	3.039888726
4.01	3.080017989
4.02	4.358133013
4.03	5.080377458
4.04	5.118546455
4.05	5.744549779
4.06	4.344517623
4.07	5.405495158
4.08	3.078869835
4.09	5.551368081
4.1	5.284027575
4.11	3.738561946
4.12	2.387492225
4.13	4.698951062
4.14	3.117030698
4.15	2.892301699
4.16	5.477797315
4.17	1.332187712
4.18	2.551670313
4.19	3.320141001
4.2	4.58360091
4.21	1.25259546
4.22	1.758275435
4.23	5.108330094
4.24	3.91120306
4.25	2.503648451
4.26	3.194464119
4.27	5.034742391
4.28	2.693161103
4.29	5.162677346
4.3	1.170493164
4.31	4.564381143
4.32	3.142890532
4.33	3.379736479
4.34	2.514527671
4.35	1.330447531
4.36	3.412889628
4.37	2.94819258
4.38	0.872113624
4.39	3.948453706
4.4	1.714552861
4.41	2.862221672
4.42	1.357788809
4.43	1.139944298
4.44	1.509653157
4.45	5.037553433
4.46	0.340246387
4.47	5.141718396
4.48	3.08630998
4.49	4.749446047
4.5	0.53078588
4.51	1.214218711
4.52	4.610161264
4.53	1.812254335
4.54	0.545341002
4.55	4.066151392
4.56	2.651757901
4.57	3.962999465
4.58	0.444167393
4.59	0.884965843
4.6	0.298644628
4.61	3.176084029
4.62	3.580387306
4.63	1.161992046
4.64	2.034626528
4.65	1.437043717
4.66	2.538595999
4.67	2.775951104
4.68	2.414061281
4.69	2.823320788
4.7	4.353981588
4.71	0.603710458
4.72	5.029163271
4.73	3.367695161
4.74	3.520580437
4.75	4.111801886
4.76	3.797741946
4.77	1.602032412
4.78	2.810670181
4.79	3.337164915
4.8	1.431109378
4.81	1.338980252
4.82	2.606882587
4.83	0.753092283
4.84	3.184923089
4.85	4.771249899
4.86	0.117850714
4.87	3.380516035
4.88	1.381053829
4.89	1.203693916
4.9	0.038113064
4.91	4.116967153
4.92	2.971114706
4.93	4.252311705
4.94	4.042586548
4.95	2.950017204
4.96	0.313920152
4.97	4.13953629
4.98	4.357096881
4.99	2.269156663
5	1.780442596
5.01	2.403521294
5.02	1.766521204
5.03	1.922585899
5.04	0.457796105
5.05	4.213305863
5.06	1.852203179
5.07	0.011181945
5.08	1.250400886
5.09	4.917916577
5.1	0.489337019
5.11	4.012775325
5.12	0.813494436
5.13	1.837650658
5.14	2.653024164
5.15	2.171728261
5.16	2.447190536
5.17	3.776511143
5.18	3.413082723
5.19	4.097034481
5.2	4.57035172
5.21	0.238486673
5.22	4.233578299
5.23	3.194154792
5.24	4.427258849
5.25	4.527619277
5.26	4.683774128
5.27	2.630188137
5.28	3.466719045
5.29	3.534575348
5.3	4.498432581
5.31	2.770203148
5.32	0.25865077
5.33	0.607617752
5.34	3.935203577
5.35	2.150379561
5.36	4.988210874
5.37	4.529059117
5.38	3.006262702
5.39	4.589385521
5.4	1.092443261
5.41	0.34199678
5.42	2.192275789
5.43	1.520353908
5.44	5.099165211
5.45	0.738743134
5.46	1.851844323
5.47	1.117194869
5.48	2.800444192
5.49	2.03756907
5.5	5.054877538
5.51	4.284559718
5.52	1.205160736
5.53	4.455797862
5.54	0.879855297
5.55	0.619109882
5.56	2.206914197
5.57	2.305471412
5.58	1.358289752
5.59	0.7198769
5.6	4.348106332
5.61	4.241259832
5.62	3.319953426
5.63	3.084345771
5.64	4.75925147
5.65	2.411173488
5.66	3.646937089
5.67	4.178004034
5.68	2.317856139
5.69	4.142115199
5.7	2.179696385
5.71	5.294719778
5.72	1.566465898
5.73	1.94862271
5.74	3.665181422
5.75	3.457978609
5.76	0.693041587
5.77	2.50720336
5.78	3.761951175
5.79	4.599937134
5.8	4.311418382
5.81	1.046288164
5.82	4.443479238
5.83	4.269081598
5.84	2.776375408
5.85	5.340016913
5.86	5.221976964
5.87	2.983643981
5.88	2.942160437
5.89	3.732350366
5.9	1.756650747
5.91	1.142264247
5.92	2.509870576
5.93	2.684233686
5.94	5.841378233
5.95	2.572876653
5.96	4.239521437
5.97	3.732633469
5.98	1.454785614
5.99	3.922708136
6	4.048351265
6.01	5.261635599
6.02	4.212593508
6.03	1.525562501
6.04	3.83064065
6.05	5.562332413
6.06	5.039210673
6.07	1.565309682
6.08	3.510831046
6.09	3.350345319
6.1	1.482509212
6.11	4.425586221
6.12	1.68502741
6.13	3.121691223
6.14	2.201083764
6.15	4.231215023
6.16	4.15628294
6.17	5.218401238
6.18	3.890850638
6.19	2.380857032
6.2	1.990927812
6.21	5.864758901
6.22	4.364466601
6.23	4.927802442
6.24	5.356193217
6.25	4.471996828
6.26	6.201126305
6.27	2.785401268
6.28	1.690880554
6.29	4.769770087
6.3	5.665913757
6.31	2.371427738
6.32	1.948001606
6.33	5.432029954
6.34	3.093484386
6.35	6.678242528
6.36	3.901940618
6.37	3.036035604
6.38	4.825975488
6.39	5.86625894
6.4	5.343446305
6.41	6.662625616
6.42	3.335312191
6.43	5.660738994
6.44	5.610310018
6.45	4.512938274
6.46	2.255906729
6.47	2.990786087
6.48	2.934466381
6.49	6.050369785
6.5	6.557403324
6.51	5.61779694
6.52	4.6314169
6.53	4.756399166
6.54	4.932956314
6.55	5.815424645
6.56	2.839249638
6.57	4.574578658
6.58	3.217154506
6.59	3.148347448
6.6	4.014764876
6.61	4.300482844
6.62	6.526684845
6.63	5.284758472
6.64	5.78386537
6.65	4.57981733
6.66	6.092809318
6.67	5.499767367
6.68	5.422306202
6.69	7.847974025
6.7	3.747940627
6.71	6.098899129
6.72	7.873596609
6.73	4.204509735
6.74	5.125735001
6.75	4.547735014
6.76	5.731388959
6.77	3.210249471
6.78	7.692269497
6.79	4.394927467
6.8	5.529200484
6.81	4.413427162
6.82	5.117619534
6.83	6.531132357
6.84	7.76856644
6.85	5.533961066
6.86	6.482067953
6.87	8.46144427
6.88	7.180432645
6.89	6.009997419
6.9	6.591356592
6.91	8.5007636
6.92	6.47704499
6.93	7.563998345
6.94	8.726121753
6.95	7.009947534
6.96	5.319683011
6.97	5.397626814
6.98	7.232384167
6.99	4.500008147
7	6.342658914
7.01	6.937197102
7.02	4.235408923
7.03	4.50502844
7.04	8.990906528
7.05	9.006918125
7.06	6.721898209
7.07	9.18312546
7.08	6.047136279
7.09	5.047387275
7.1	4.557429585
7.11	5.500825751
7.12	9.205661215
7.13	8.17794827
7.14	7.44777523
7.15	8.221751572
7.16	9.362009298
7.17	6.130048944
7.18	4.800132369
7.19	7.616598989
7.2	7.956619819
7.21	6.406049037
7.22	5.111769159
7.23	7.447465892
7.24	9.980440931
7.25	5.438376511
7.26	6.908332876
7.27	5.450940106
7.28	5.262804651
7.29	6.556279585
7.3	5.858387056
7.31	5.577440415
7.32	9.985010083
7.33	5.662990327
7.34	10.38109143
7.35	7.022982382
7.36	9.082641011
7.37	7.98195937
7.38	6.711616071
7.39	10.50188137
7.4	6.454297927
7.41	8.131325363
7.42	6.300588047
7.43	8.071881084
7.44	9.896046686
7.45	7.542307875
7.46	7.44571644
7.47	10.8475305
7.48	10.98046736
7.49	9.723212358
7.5	7.542801007
7.51	10.86505584
7.52	8.011371128
7.53	7.753951046
7.54	10.08501339
7.55	7.530993048
7.56	10.28674308
7.57	10.90497084
7.58	7.107035984
7.59	9.020800423
7.6	11.71226311
7.61	8.213027907
7.62	9.33453204
7.63	7.243635196
7.64	10.00825092
7.65	9.807413332
7.66	12.02496062
7.67	8.46158131
7.68	8.493630669
7.69	8.436416911
7.7	10.38165974
7.71	9.874909361
7.72	11.63615408
7.73	8.621843233
7.74	9.006235256
7.75	10.92571364
7.76	8.345775525
7.77	11.09170474
7.78	8.629003135
7.79	9.148053823
7.8	11.19717295
7.81	12.32076994
7.82	9.121291594
7.83	12.44507777
7.84	12.50244886
7.85	9.028076797
7.86	10.02282652
7.87	9.65032611
7.88	9.95188869
7.89	11.22854119
7.9	12.43828846
7.91	10.74543885
7.92	13.50520448
7.93	9.08605406
7.94	13.26824782
7.95	11.08485127
7.96	10.06304116
7.97	12.84398973
7.98	11.64907551
7.99	12.17406085
8	11.16339661
8.01	12.78179796
8.02	10.81367389
8.03	13.80236872
8.04	12.52531968
8.05	9.360523502
8.06	11.09271541
8.07	12.20645341
8.08	9.709424808
8.09	13.88622366
8.1	10.68585809
8.11	10.70159729
8.12	14.45031646
8.13	11.90562668
8.14	11.40130996
8.15	14.44244377
8.16	12.9979578
8.17	10.14407406
8.18	15.05513595
8.19	10.53426443
8.2	13.07030187
8.21	12.8304654
8.22	15.04093594
8.23	11.54671367
8.24	13.81489303
8.25	11.66530599
8.26	11.30847094
8.27	15.4113434
8.28	13.63512739
8.29	15.71312462
8.3	12.52617012
8.31	15.92973827
8.32	15.73519675
8.33	15.57137511
8.34	13.76634395
8.35	13.02025212
8.36	11.99220428
8.37	15.51009271
8.38	15.98224475
8.39	14.30848593
8.4	14.27465746
8.41	11.82587821
8.42	14.55767444
8.43	13.43428774
8.44	15.52195241
8.45	12.23391354
8.46	14.33803121
8.47	14.07408654
8.48	15.06973477
8.49	16.26659352
8.5	15.42333545
8.51	14.3198299
8.52	12.76619531
8.53	12.70636329
8.54	14.26097245
8.55	15.86016241
8.56	13.47805594
8.57	13.93733509
8.58	13.53115011
8.59	15.9143235
8.6	17.12657624
8.61	13.92746305
8.62	16.06911068
8.63	16.71007542
8.64	16.53679832
8.65	13.98570395
8.66	13.87607328
8.67	16.31049897
8.68	16.55962595
8.69	16.38515581
8.7	15.70365878
8.71	17.65648711
8.72	14.75584714
8.73	18.4227473
8.74	17.22727665
8.75	18.86097619
8.76	19.0057257
8.77	18.66283613
8.78	18.23188078
8.79	16.91617554
8.8	18.19584392
8.81	18.07112069
8.82	14.84882672
8.83	14.68767707
8.84	18.04184014
8.85	19.12653061
8.86	15.33256382
8.87	15.56129998
8.88	19.48564762
8.89	15.87765906
8.9	20.0035902
8.91	18.29717998
8.92	18.05443507
8.93	18.674095
8.94	17.40466503
8.95	18.68336095
8.96	17.61490672
8.97	20.33542337
8.98	16.47696899
8.99	20.22145315
9	20.6915641
9.01	16.53793857
9.02	21.13049921
9.03	18.98225839
9.04	17.90219971
9.05	21.20373558
9.06	20.47965022
9.07	18.84845963
9.08	19.68759541
9.09	19.4057332
9.1	18.59160114
9.11	21.33601696
9.12	19.01301765
9.13	20.80574632
9.14	17.87800056
9.15	19.31768109
9.16	21.51471542
9.17	17.91079969
9.18	18.70629378
9.19	18.67553574
9.2	17.6859666
9.21	20.00541151
9.22	17.85899221
9.23	18.88247444
9.24	21.56524158
9.25	22.94216032
9.26	20.35801503
9.27	19.41975971
9.28	20.88313215
9.29	22.62662798
9.3	21.36713824
9.31	19.74908531
9.32	21.74498908
9.33	23.27824468
9.34	20.3978371
9.35	19.8527354
9.36	23.30161358
9.37	20.84621891
9.38	22.84660231
9.39	21.05615097
9.4	20.48578415
9.41	23.02196049
9.42	20.25268994
9.43	20.34874307
9.44	20.92785749
9.45	20.44212042
9.46	20.12132723
9.47	22.45257205
9.48	24.88327575
9.49	24.73147211
9.5	24.35588688
9.51	22.8942775
9.52	21.41640176
9.53	21.31094081
9.54	24.03150347
9.55	23.98160485
9.56	22.31824765
9.57	23.26359052
9.58	24.05416223
9.59	23.22284558
9.6	22.04715447
9.61	25.67069439
9.62	21.45784676
9.63	24.50296265
9.64	23.32496008
9.65	22.53799645
9.66	23.02225815
9.67	23.48877475
9.68	22.51862749
9.69	23.13067277
9.7	22.4602166
9.71	25.52695392
9.72	24.53730966
9.73	24.90970846
9.74	22.94340745
9.75	24.36975111
9.76	25.84472086
9.77	23.13137535
9.78	26.28556196
9.79	24.55609844
9.8	26.05620118
9.81	23.21008843
9.82	23.23712004
9.83	23.71580786
9.84	26.35260647
9.85	24.47621024
9.86	28.08431031
9.87	26.4886452
9.88	28.73027208
9.89	24.08993636
9.9	24.25891719
9.91	24.82974763
9.92	25.20222704
9.93	24.69567749
9.94	27.21391257
9.95	25.75118661
9.96	26.58256856
9.97	26.19215516
9.98	27.07000849
9.99	27.50568717
10	29.26229554
10.01	27.22703722
10.02	29.37311791
10.03	25.99064353
10.04	27.88775659
10.05	25.60403717
10.06	28.36648931
10.07	28.71701397
10.08	30.72668103
10.09	27.83308482
10.1	28.24440439
10.11	30.06150571
10.12	27.81866779
10.13	30.91229422
10.14	27.49529025
10.15	28.06714834
10.16	28.31876424
10.17	30.61754467
10.18	28.77732576
10.19	27.8406821
10.2	27.35165589
10.21	29.30855152
10.22	30.81921791
10.23	31.06017395
10.24	30.23812884
10.25	29.35161146
10.26	29.43605672
10.27	30.22611045
10.28	31.32237535
10.29	30.39247357
10.3	31.14513991
10.31	30.72538805
10.32	32.91765627
10.33	31.172106
10.34	29.14981225
10.35	31.1844703
10.36	28.98854282
10.37	29.36785158
10.38	29.22312868
10.39	29.60773142
10.4	32.91597509
10.41	29.65670524
10.42	33.66546313
10.43	33.50295371
10.44	29.88039982
10.45	31.88177526
10.46	34.24868471
10.47	31.76375112
10.48	33.19035057
10.49	31.990075
10.5	34.94057757
10.51	31.70573221
10.52	31.70628225
10.53	34.991025
10.54	34.90674699
10.55	35.54837083
10.56	32.84652986
10.57	34.100359
10.58	31.98658843
10.59	32.66831043
10.6	35.65058791
10.61	34.73908847
10.62	34.14254686
10.63	34.4980447
10.64	32.72377221
10.65	34.49362901
10.66	35.96692873
10.67	36.46190352
10.68	33.52722101
10.69	34.52151811
10.7	35.07539687
10.71	37.59895918
10.72	35.49181078
10.73	33.74307981
10.74	34.09172962
10.75	35.26369273
10.76	35.6518871
10.77	37.65447384
10.78	33.59096013
10.79	37.55282762
10.8	36.15915208
10.81	35.02403899
10.82	37.35649828
10.83	35.9965063
10.84	36.90295709
10.85	35.52665345
10.86	35.95271905
10.87	36.871175
10.88	37.38412034
10.89	39.16675886
10.9	35.6748381
10.91	39.48399548
10.92	38.39189033
10.93	35.44024322
10.94	39.49541159
10.95	39.7447205
10.96	37.71286243
10.97	40.05381623
10.98	36.29097545
10.99	39.85927951
11	38.89571298
11.01	38.72187815
11.02	40.76633708
11.03	37.52451226
11.04	41.19218608
11.05	40.52070393
11.06	41.62485557
11.07	38.70271043
11.08	40.34020868
11.09	38.66121501
11.1	40.90313198
11.11	42.12292213
11.12	41.7070513
11.13	40.54758241
11.14	40.00184846
11.15	41.6711952
11.16	40.45359565
11.17	41.43941419
11.18	41.23073567
11.19	41.38401537
11.2	43.11038059
11.21	39.51011471
11.22	42.86984845
11.23	38.94044225
11.24	42.74869737
11.25	43.23862847
11.26	41.59815287
11.27	42.68032801
11.28	41.83847167
11.29	41.5152961
11.3	41.85695384
11.31	44.27600688
11.32	43.0531319
11.33	40.63057869
11.34	43.80405028
11.35	42.64966582
11.36	43.76431057
11.37	42.52377003
11.38	40.91638269
11.39	44.67362788
11.4	40.99806953
11.41	42.41128516
11.42	44.94979987
11.43	45.0107957
11.44	43.69105104
11.45	44.08391685
11.46	46.50100085
11.47	44.25722184
11.48	43.52989676
11.49	42.3667599
11.5	44.69511617
11.51	43.96980132
11.52	44.04377001
11.53	45.06009395
11.54	43.3519575
11.55	43.70347725
11.56	43.82398807
11.57	47.10749641
11.58	47.23285701
11.59	47.21785977
11.6	45.05419094
11.61	44.04800609
11.62	48.71358338
11.63	46.3387737
11.64	48.87483196
11.65	47.68186973
11.66	47.79991236
11.67	45.80062754
11.68	47.10677849
11.69	49.4310095
11.7	48.42371323
11.71	48.44047811
11.72	49.21210002
11.73	45.57043088
11.74	46.01961068
11.75	48.34533215
11.76	47.14522975
11.77	49.43540469
11.78	48.28657447
11.79	49.92194163
11.8	47.61385391
11.81	46.4651931
11.82	48.34980871
11.83	47.15993527
11.84	47.4058633
11.85	51.58912628
11.86	47.5694625
11.87	48.53542545
11.88	51.92099717
11.89	47.64732053
11.9	49.82514545
11.91	48.90119164
11.92	50.30329939
11.93	50.70376543
11.94	52.07796199
11.95	52.77572334
11.96	52.8272329
11.97	51.11902215
11.98	53.38452625
11.99	53.04795358
12	50.21896145
12.01	52.10717171
12.02	52.8246519
12.03	53.11098275
12.04	51.67504052
12.05	50.49988603
12.06	52.88093823
12.07	54.09473306
12.08	50.93194166
12.09	50.92845144
12.1	53.27208764
12.11	50.67178208
12.12	52.12443244
12.13	51.12345349
12.14	55.04502008
12.15	54.53725217
12.16	52.71791438
12.17	52.69686716
12.18	52.86390629
12.19	51.82531186
12.2	56.58377044
12.21	55.37024657
12.22	55.4116004
12.23	54.52719247
12.24	55.96330029
12.25	52.59900632
12.26	54.00120056
12.27	53.2396683
12.28	54.12610233
12.29	54.70133738
12.3	56.5878402
12.31	58.20177286
12.32	56.49539668
12.33	56.11232101
12.34	55.45387835
12.35	54.71730272
12.36	58.88389918
12.37	57.9544083
12.38	58.06170423
12.39	59.42852287
12.4	57.73200857
12.41	57.24003877
12.42	57.25411571
12.43	59.73052936
12.44	59.10109409
12.45	58.27288788
12.46	59.59975997
12.47	58.09034519
12.48	56.77207114
12.49	59.51747845
12.5	59.88270166
12.51	57.62830365
12.52	57.71551174
12.53	58.33348775
12.54	58.44612134
12.55	60.17559978
12.56	59.15528946
12.57	62.178951
12.58	62.43706722
12.59	59.26390147
12.6	62.37426488
12.61	60.95405897
12.62	62.9330905
12.63	61.39467391
12.64	58.58462191
12.65	61.17976391
12.66	59.26793359
12.67	58.8752302
12.68	62.39126053
12.69	60.54296786
12.7	64.22201815
12.71	62.84880983
12.72	60.53093518
12.73	61.60114007
12.74	64.8733352
12.75	62.97669351
12.76	64.43234928
12.77	64.96463485
12.78	62.29966871
12.79	63.45858643
12.8	63.62394332
12.81	63.7698708
12.82	63.40840088
12.83	63.84226531
12.84	64.07528431
12.85	65.98165219
12.86	63.00602568
12.87	64.02880201
12.88	65.67320014
12.89	62.27351282
12.9	64.2735199
12.91	66.31784569
12.92	67.01380856
12.93	67.38852159
12.94	66.6460415
12.95	66.12707614
12.96	63.7621787
12.97	66.88562748
12.98	67.98295942
12.99	67.76310828
13	65.09260912
13.01	65.6990291
13.02	67.65899115
13.03	67.20208869
13.04	67.16569088
13.05	69.33364732
13.06	65.19802067
13.07	67.28539582
13.08	66.58839508
13.09	65.60959084
13.1	66.18800735
13.11	69.63321449
13.12	70.28607232
13.13	69.08211605
13.14	66.64867312
13.15	66.95611976
13.16	67.12712494
13.17	69.99465606
13.18	71.24117135
13.19	70.53813365
13.2	68.0775607
13.21	71.23767741
13.22	68.96895069
13.23	68.46347517
13.24	68.30925846
13.25	72.21731141
13.26	70.44232411
13.27	68.97804719
13.28	73.19505652
13.29	72.21800288
13.3	70.42221696
13.31	70.56580922
13.32	73.75004091
13.33	74.01665136
13.34	74.4855812
13.35	73.3863363
13.36	73.07492592
13.37	73.06985416
13.38	71.00316787
13.39	72.9361161
13.4	74.81418515
13.41	74.79310021
13.42	71.04915367
13.43	75.18912083
13.44	74.36860077
13.45	76.1548239
13.46	75.14098456
13.47	72.2263774
13.48	73.63118488
13.49	75.92973053
13.5	74.19334759
13.51	77.30748257
13.52	75.34207281
13.53	76.62652441
13.54	74.58232755
13.55	76.35747264
13.56	73.6073125
13.57	74.44133934
13.58	76.69138886
13.59	75.78206809
13.6	75.04878252
13.61	74.22666668
13.62	75.7564716
13.63	74.90059144
13.64	76.45783634
13.65	74.89283263
13.66	78.54453802
13.67	77.7540888
13.68	77.77615657
13.69	77.28372955
13.7	77.02879496
13.71	77.91436996
13.72	76.30713199
13.73	76.59252992
13.74	78.00842953
13.75	79.39863854
13.76	79.90665064
13.77	77.39438259
13.78	77.1790094
13.79	79.87008465
13.8	81.55764647
13.81	82.08648106
13.82	81.15952471
13.83	80.56337044
13.84	81.31110343
13.85	80.04826323
13.86	83.16957629
13.87	81.84597812
13.88	80.96262369
13.89	83.93177922
13.9	82.79364004
13.91	79.48039678
13.92	79.88428989
13.93	84.4153535
13.94	82.32098431
13.95	80.43861922
13.96	84.29069926
13.97	81.201371
13.98	84.64710795
13.99	83.01000974
14	82.22102409
14.01	84.73462016
14.02	83.50482213
14.03	81.83908579
14.04	81.81427457
14.05	86.69589939
14.06	83.20196978
14.07	83.66015136
14.08	85.48412845
14.09	84.48686514
14.1	83.04498664
14.11	85.90298487
14.12	87.74880623
14.13	86.32242352
14.14	86.18888513
14.15	85.56908627
14.16	85.46525919
14.17	87.42404481
14.18	85.77656177
14.19	86.38173059
14.2	84.67719188
14.21	89.49496599
14.22	89.22772159
14.23	89.43212908
14.24	89.3220781
14.25	87.61305589
14.26	88.68837726
14.27	90.7805303
14.28	89.99291786
14.29	87.81289849
14.3	88.1254386
14.31	89.80143505
14.32	88.42402114
14.33	90.20346764
14.34	91.5794407
14.35	91.62277589
14.36	91.40620658
14.37	89.94560623
14.38	89.98671847
14.39	92.72485616
14.4	90.43098391
14.41	92.31260235
14.42	93.21304237
14.43	91.22980691
14.44	93.94398078
14.45	90.3171329
14.46	90.9701601
14.47	92.37499888
14.48	90.0472216
14.49	90.35044578
14.5	91.7740983
14.51	93.45838807
14.52	94.85239325
14.53	94.89914116
14.54	92.76144331
14.55	92.13250094
14.56	93.43871735
14.57	95.95283667
14.58	93.33751372
14.59	92.38720935
14.6	93.43633176
14.61	93.36789228
14.62	95.46920775
14.63	95.46908118
14.64	96.17662213
14.65	97.31040815
14.66	97.04413244
14.67	96.93562847
14.68	94.43892587
14.69	95.45333562
14.7	98.74150045
14.71	98.5462432
14.72	98.38750739
14.73	96.32432445
14.74	96.61694907
14.75	98.08715291
14.76	97.54656507
14.77	99.9704775
14.78	98.38528497
14.79	99.09738925
14.8	99.44449019
14.81	96.48167247
14.82	97.62084474
14.83	99.78318331
14.84	98.71890345
14.85	97.54424839
14.86	99.4533864
14.87	101.5311522
14.88	99.2356799
14.89	98.30214962
14.9	100.4545833
14.91	102.6383832
14.92	103.2502871
14.93	98.78350187
14.94	99.02126646
14.95	101.8676027
14.96	101.1827307
14.97	100.623172
14.98	102.6505026
14.99	100.4868001
15	100.477428
15.01	103.1692337
15.02	102.2659955
15.03	104.1623473
15.04	105.267133
15.05	103.6924548
15.06	101.2205912
15.07	104.694176
15.08	103.9061983
15.09	105.5714831
15.1	106.7215502
15.11	105.3152803
15.12	105.3205892
15.13	104.7225583
15.14	103.3594905
15.15	104.36884
15.16	104.8687323
15.17	108.1542334
15.18	106.1043888
15.19	105.5702495
15.2	106.792704
15.21	108.6894471
15.22	105.8023417
15.23	106.481457
15.24	108.4081422
15.25	108.0898017
15.26	107.6232778
15.27	109.1878308
15.28	106.9528875
15.29	106.2384274
15.3	106.7795645
15.31	106.8803482
15.32	108.7999387
15.33	108.7629252
15.34	111.0268375
15.35	107.9371395
15.36	109.6965046
15.37	107.95944
15.38	110.7309105
15.39	112.6692926
15.4	109.3252553
15.41	111.5670079
15.42	109.3022942
15.43	108.7929227
15.44	113.5664265
15.45	113.8849983
15.46	113.3830722
15.47	112.346931
15.48	114.5016309
15.49	114.0034309
15.5	115.031468
15.51	114.4035193
15.52	112.3245181
15.53	115.0716457
15.54	113.6599643
15.55	115.2061118
15.56	111.9531858
15.57	114.2728163
15.58	114.7882727
15.59	112.4919628
15.6	116.4500448
15.61	117.0815321
15.62	117.6829049
15.63	115.345313
15.64	117.3509698
15.65	114.3302038
15.66	115.2651319
15.67	118.682407
15.68	114.1382968
15.69	115.9986132
15.7	117.0685749
15.71	117.1840361
15.72	118.9991
15.73	117.3710287
15.74	118.8867535
15.75	118.1127361
15.76	117.4070928
15.77	119.2938163
15.78	119.5936278
15.79	119.5522604
15.8	120.1713424
15.81	121.815496
15.82	120.3749675
15.83	118.6421045
15.84	121.1096229
15.85	121.5433643
15.86	122.6929087
15.87	122.2393449
15.88	121.3825338
15.89	118.8822881
15.9	122.3265736
15.91	121.9357346
15.92	119.8208189
15.93	120.5605246
15.94	121.1387904
15.95	121.7788167
15.96	122.8701434
15.97	123.3841377
15.98	125.3511755
15.99	123.7975503
16	124.6958456
16.01	125.658992
16.02	123.9541289
16.03	124.4956879
16.04	126.7666207
16.05	122.6576803
16.06	123.7152868
16.07	125.4264371
16.08	126.0140389
16.09	125.9736043
16.1	123.5678883
16.11	126.404281
16.12	127.0366277
16.13	125.6509592
16.14	126.6205137
16.15	127.406499
16.16	128.6593368
16.17	128.0368351
16.18	125.9491314
16.19	126.9908491
16.2	129.2051384
16.21	125.8757971
16.22	129.093093
16.23	129.5504315
16.24	126.7146436
16.25	128.8369796
16.26	128.7839032
16.27	131.8037287
16.28	128.4425831
16.29	131.0882526
16.3	130.530592
16.31	130.0041274
16.32	131.958311
16.33	133.0055123
16.34	132.1121422
16.35	132.0970675
16.36	131.0154888
16.37	133.9084946
16.38	129.8184101
16.39	133.2714798
16.4	134.1931418
16.41	134.5127354
16.42	134.5122983
16.43	132.3870168
16.44	135.7292647
16.45	135.2522789
16.46	132.8575723
16.47	132.7673371
16.48	134.9630464
16.49	136.1033664
16.5	133.8358581
16.51	137.4751672
16.52	133.436346
16.53	137.7981955
16.54	136.6429153
16.55	133.5809199
16.56	133.7652051
16.57	137.0618338
16.58	136.1682939
16.59	135.9547115
16.6	135.3426945
16.61	136.3217573
16.62	138.8174534
16.63	137.5901166
16.64	139.3250624
16.65	138.5170071
16.66	136.1174346
16.67	139.8884576
16.68	140.0154923
16.69	137.3074936
16.7	139.1032846
16.71	140.309262
16.72	138.7992032
16.73	138.7874321
16.74	139.6396518
16.75	142.7062488
16.76	138.5291811
16.77	143.2999163
16.78	138.8348907
16.79	142.3636827
16.8	143.1960324
16.81	140.5132782
16.82	140.8110394
16.83	142.4080137
16.84	144.1606705
16.85	141.9293811
16.86	144.0007702
16.87	141.016317
16.88	144.1540248
16.89	141.6255281
16.9	144.7511694
16.91	142.242531
16.92	144.2051612
16.93	142.7366142
16.94	147.3489997
16.95	144.9771247
16.96	145.4195368
16.97	147.0526007
16.98	146.2577149
16.99	144.7676335
17	148.5154895
17.01	148.9555676
17.02	145.8171825
17.03	145.8199052
17.04	148.4395903
17.05	146.5934215
17.06	150.3199289
17.07	148.9400593
17.08	147.7895484
17.09	146.6380438
17.1	150.8743666
17.11	149.7782472
17.12	151.4591946
17.13	147.3688857
17.14	148.4330655
17.15	149.1352609
17.16	151.6022559
17.17	152.9686371
17.18	153.1804221
17.19	153.2394029
17.2	152.1735446
17.21	149.1649865
17.22	151.7557685
17.23	152.8269803
17.24	150.2708254
17.25	150.3620831
17.26	154.6650516
17.27	153.9556207
17.28	153.9387635
17.29	155.1371896
17.3	155.6761824
17.31	155.9490337
17.32	154.6359048
17.33	154.3922996
17.34	152.9150394
17.35	157.0154769
17.36	153.7256563
17.37	156.6258651
17.38	154.2012796
17.39	153.5945944
17.4	156.2148102
17.41	155.2330122
17.42	157.2392233
17.43	157.823119
17.44	156.6084546
17.45	156.8198075
17.46	155.32495
17.47	159.9110002
17.48	157.711455
17.49	156.5255478
17.5	161.1631622
17.51	160.6187131
17.52	161.3219638
17.53	159.0680457
17.54	159.8811087
17.55	162.3789505
17.56	160.3011515
17.57	162.1901131
17.58	162.5775539
17.59	163.4802691
17.6	161.083667
17.61	163.5392042
17.62	162.5364464
17.63	161.8704566
17.64	160.0064988
17.65	164.352117
17.66	164.115139
17.67	161.5879878
17.68	161.5439782
17.69	161.1169784
17.7	165.4031289
17.71	164.5313658
17.72	166.2906271
17.73	166.2569533
17.74	167.1953205
17.75	166.8862482
17.76	165.5654699
17.77	165.0060074
17.78	168.2886742
17.79	166.089128
17.8	168.6561685
17.81	167.5393384
17.82	164.8183609
17.83	167.6908587
17.84	165.384652
17.85	166.6602495
17.86	169.5551307
17.87	170.3084617
17.88	166.058715
17.89	168.9161477
17.9	171.2175297
17.91	167.725449
17.92	169.405492
17.93	168.8934323
17.94	168.6105465
17.95	169.8499689
17.96	169.4453288
17.97	172.2463047
17.98	169.554916
17.99	169.9577197
18	170.4240779
18.01	171.377706
18.02	171.2522603
18.03	171.4316449
18.04	174.9440508
18.05	173.1733969
18.06	174.3340836
18.07	172.3376946
18.08	175.676567
18.09	174.5483787
18.1	176.1859154
18.11	172.9415863
18.12	175.6706797
18.13	175.6351044
18.14	177.2896218
18.15	173.3610693
18.16	177.8051274
18.17	173.7231337
18.18	177.257205
18.19	178.1775956
18.2	176.1022659
18.21	175.5561011
18.22	177.4461483
18.23	177.961647
18.24	180.0861585
18.25	180.3561014
18.26	180.0285583
18.27	179.2923079
18.28	179.8081527
18.29	179.8739719
18.3	181.0267194
18.31	178.8350271
18.32	177.8547516
18.33	179.0057999
18.34	181.8366705
18.35	182.1770013
18.36	183.3340323
18.37	180.2144957
18.38	183.9535082
18.39	182.8621443
18.4	181.5311532
18.41	180.4852316
18.42	181.1530616
18.43	183.0359102
18.44	184.7922187
18.45	185.5312382
18.46	184.8994811
18.47	183.8370172
18.48	182.9456787
18.49	184.7977651
18.5	184.9758173
18.51	186.7204071
18.52	187.1263376
18.53	183.6490756
18.54	188.0872581
18.55	185.9198985
18.56	186.0410143
18.57	187.6957702
18.58	188.9940684
18.59	186.3314534
18.6	185.1435813
18.61	185.3907114
18.62	187.0291185
18.63	187.2647161
18.64	188.7542321
18.65	188.6246157
18.66	188.2555585
18.67	189.4372961
18.68	189.6249696
18.69	192.0592949
18.7	187.8268575
18.71	188.4755309
18.72	191.6219284
18.73	188.6213391
18.74	189.8723202
18.75	191.0086966
18.76	192.7855449
18.77	194.340965
18.78	194.0004621
18.79	194.0858553
18.8	195.4348892
18.81	191.1083372
18.82	193.0560124
18.83	194.7958642
18.84	193.157842
18.85	196.6666739
18.86	196.6090186
18.87	193.1726058
18.88	195.0058424
18.89	193.2515291
18.9	194.5258574
18.91	196.4504943
18.92	196.200038
18.93	195.4174831
18.94	196.7984715
18.95	199.5899647
18.96	199.4319456
18.97	199.2025503
18.98	197.4392757
18.99	197.0781442
19	198.8576034
19.01	197.2038343
19.02	197.9380425
19.03	197.6132874
19.04	200.2976549
19.05	199.4899258
19.06	200.9299192
19.07	202.9093718
19.08	200.5079672
19.09	201.6268997
19.1	200.0893985
19.11	199.093568
19.12	199.4874059
19.13	201.5157579
19.14	201.6157218
19.15	201.8117243
19.16	204.0102732
19.17	203.559389
19.18	204.9853761
19.19	205.6457317
19.2	204.5118864
19.21	203.0813004
19.22	202.4864132
19.23	204.7907737
19.24	203.6072732
19.25	203.3961818
19.26	204.684803
19.27	207.1017514
19.28	204.2824498
19.29	208.6122676
19.3	204.6049122
19.31	205.9091603
19.32	208.171611
19.33	208.9630329
19.34	206.0153196
19.35	208.0840037
19.36	207.6210492
19.37	211.1843524
19.38	210.5116309
19.39	207.5314181
19.4	211.9481056
19.41	209.4734387
19.42	208.1596291
19.43	209.9525214
19.44	210.1903996
19.45	212.9224372
19.46	210.3716828
19.47	212.2337058
19.48	211.8492325
19.49	210.0843574
19.5	213.0986071
19.51	215.0950907
19.52	211.0560019
19.53	214.7197739
19.54	214.8856057
19.55	216.2616693
19.56	215.782565
19.57	214.4959844
19.58	217.1867116
19.59	215.5042759
19.6	216.8149234
19.61	215.7835223
19.62	215.3612418
19.63	215.7315721
19.64	215.1813919
19.65	216.9848609
19.66	217.7603524
19.67	219.4301802
19.68	219.7973818
19.69	220.6434123
19.7	217.0457805
19.71	218.0220031
19.72	220.5872813
19.73	217.1543818
19.74	219.4690287
19.75	221.597822
19.76	222.7806119
19.77	221.6060575
19.78	223.3961039
19.79	220.2663421
19.8	219.7040058
19.81	220.2473407
19.82	222.5618355
19.83	223.0687819
19.84	222.2071517
19.85	224.9710174
19.86	221.125894
19.87	225.808973
19.88	223.3331935
19.89	222.3222305
19.9	225.3206088
19.91	224.7353417
19.92	223.5766508
19.93	224.440625
19.94	225.0441048
19.95	224.8200542
19.96	224.9918964
19.97	226.1713874
19.98	228.3865294
19.99	228.2833611
